 181 182 182 173 175 177 178 174 172 181 183 185 177 178 175 181
 175 172 178 173 178 178 182 184 181 179 187 182 179 180 184 185
 175 168 173 172 177 176 184 184 182 180 185 188 180 181 184 181
 182 169 179 181 179 179 178 185 182 179 184 193 186 186 183 180
 183 175 179 181 181 180 177 179 179 178 184 186 193 185 189 191
 173 180 178 181 178 179 182 178 180 184 186 185 184 188 190 192
 178 179 178 175 182 174 176 181 182 183 187 185 191 196 190 187
 185 179 177 179 180 176 178 183 183 187 187 183 187 189 184 189
 179 178 173 175 177 179 183 188 183 188 188 182 187 190 191 184
 158 118 160 179 178 115 141 161 108 179 184 188 184 185 183 185
 140  46  84 184 151  50  90 174 140 181 149 152 179 164 143 177
 133  70  74 160  89 111  84 161  69 148  73 115 171  57 141 152
 141  83 111 112  58 143  70 162  69 163  72 110 179  69  75 167
 138  79 155  30  91 157  68 167  64 170 154  71 154 159  89 122
 153 116 175 107 147 165 103 180 115 170  97 113 177 104 107 180
 178 177 171 173 177 180 178 178 183 178 181 184 184 181 184 182
 155 156 158 158 159 154 152 155 158 160 160 157 159 158 157 160
 152 153 154 156 157 156 158 156 157 159 159 159 160 160 158 159
 151 156 154 156 158 157 157 156 158 158 157 159 157 159 161 160
 152 155 154 156 156 156 158 158 158 160 158 157 159 160 160 161
 154 152 154 156 156 157 157 157 158 160 158 159 159 160 159 164
 152 152 153 155 156 155 156 157 158 159 159 160 159 160 161 165
 151 153 154 156 156 154 156 157 160 158 161 161 160 159 160 164
 152 153 153 155 155 156 158 155 157 159 159 158 159 159 158 159
 153 151 152 155 156 156 159 157 157 156 158 157 157 157 159 160
 136  95 131 155 155  97 117 135  83 155 157 157 157 159 158 159
 117  27  52 152 130  31  57 146 120 158 134 128 158 140 119 156
 121  49  47 131  73  85  50 138  50 128  58  86 151  41 119 129
 117  53  88  87  41 127  44 142  42 137  50  80 151  60  63 145
 125  56 131  21  67 139  44 147  41 144 137  48 120 138  80  99
 136  94 152  94 120 147  84 151  93 140  75  92 153  80  83 150
 149 152 151 153 155 156 158 156 156 156 155 157 159 156 158 159
 155 156 159 157 157 155 156 154 156 159 155 155 156 155 153 157
 155 154 152 153 152 152 152 152 157 155 155 154 155 154 155 156
 155 157 154 154 153 152 154 156 156 157 156 156 153 153 156 156
 154 152 152 154 154 153 154 155 155 154 153 156 153 152 154 159
 156 152 151 148 153 155 154 152 153 154 154 153 152 152 153 160
 154 153 153 149 152 151 153 152 151 153 153 158 155 155 150 158
 152 153 151 149 154 152 152 154 153 153 156 155 155 156 155 158
 150 154 151 151 154 153 152 153 154 155 153 152 152 153 154 155
 148 154 153 153 152 152 152 152 153 153 150 146 150 152 154 155
 136  90 128 149 153  93 111 133  82 154 153 153 153 151 152 155
 118  31  61 155 132  31  61 145 117 154 129 124 153 132 112 153
 121  55  54 132  76  94  58 136  48 128  59  87 146  39 116 125
 121  61  94  87  43 130  46 138  45 134  47  80 149  59  59 145
 123  63 135  22  66 139  48 144  43 147 136  52 121 130  76 100
 138 101 153  97 123 147  86 150  91 140  78  94 150  77  83 145
 147 147 143 146 145 147 151 153 150 150 148 150 153 153 152 154

 181 185 181 180 191 192 187 189 184 185 177 152 167 122 180 182
 175 184 184 183 189 190 190 184 191 183 143 141  75  89 107 184
 178 180 181 186 185 188 196 189 190 185 164  57  69 159 104 181
 177 179 180 186 193 184 191 187 187 184 179 171 179 154 177 184
 185 182 188 193 186 185 185 183 182 188 152 115 110  71 113 184
 183 187 185 184 184 186 187 187 188 184 149  73  72 154  97 181
 181 179 180 179 178 184 183 187 188 179 181 148 163 170 170 178
 172 181 182 182 179 180 182 183 183 108 140  69  69  64 115 183
 174 184 184 185 179 178 181 183 188 161 174 161 162 167 180 178
 178 182 184 178 177 182 176 178 183 141  90  84  70  68 103 178
 177 178 176 179 180 179 174 176 179 115  50 111 143 157 165 180
 175 178 177 179 181 178 182 180 177 178 151  89  58  91 147 177
 173 173 172 181 181 181 175 179 175 179 184 160 112  30 107 173
 182 178 173 179 179 178 178 177 173 160  84  74 111 155 175 171
 182 172 168 169 175 180 179 179 178 118  46  70  83  79 116 177
 181 175 175 182 183 173 178 185 179 158 140 133 141 138 153 178
 160 159 160 161 164 165 164 159 160 159 156 129 145  99 150 159
 157 158 161 160 159 161 160 158 159 158 119 119  63  80  83 158
 158 160 159 160 160 160 159 159 157 159 140  41  60 138  80 156
 159 160 157 159 159 159 160 159 157 157 158 151 151 120 153 159
 157 159 159 157 159 160 161 158 157 157 128  86  80  48  92 157
 160 159 157 158 158 159 161 159 158 157 134  58  50 137  75 155
 160 159 158 160 160 159 158 159 156 155 158 128 137 144 140 156
 158 157 158 158 158 158 160 157 157  83 120  50  42  41  93 156
 155 156 156 158 157 157 157 155 157 135 146 138 142 147 151 156
 152 158 157 158 157 156 156 158 159 117  57  50  44  44  84 158
 154 156 157 156 157 155 154 156 156  97  31  85 127 139 147 156
 159 157 158 156 156 156 156 155 156 155 130  73  41  67 120 155
 158 156 156 156 156 155 156 155 155 155 152 131  87  21  94 153
 158 154 154 154 154 153 154 153 152 131  52  47  88 131 152 151
 156 153 156 155 152 152 153 153 151  95  27  49  53  56  94 152
 155 152 151 152 154 152 151 152 153 136 117 121 117 125 136 149
 157 156 156 159 160 158 158 155 155 155 153 125 145 100 145 154
 153 155 156 154 153 150 155 154 154 152 112 116  59  76  83 152
 155 154 153 152 152 155 156 153 152 151 132  39  59 130  77 153
 156 155 153 153 152 155 155 152 150 153 153 146 149 121 150 153
 155 154 156 156 153 158 155 152 146 153 124  87  80  52  94 150
 155 155 156 153 154 153 156 153 150 153 129  59  47 136  78 148
 159 155 157 154 154 153 153 155 153 154 154 128 134 147 140 150
 156 157 156 155 153 151 153 154 153  82 117  48  45  43  91 150
 154 152 156 155 152 152 154 153 152 133 145 136 138 144 150 153
 156 152 154 154 154 153 152 152 152 111  61  58  46  48  86 151
 155 152 152 153 155 151 152 153 152  93  31  94 130 139 147 147
 157 152 153 154 153 152 154 154 152 153 132  76  43  66 123 145
 157 153 154 154 148 149 149 151 153 149 155 132  87  22  97 146
 159 152 154 152 151 153 151 151 153 128  61  54  94 135 153 143
 156 154 157 152 152 153 153 154 154  90  31  55  61  63 101 147
 155 155 155 154 156 154 152 150 148 136 118 121 121 123 138 147

 182 184 181 184 184 181 178 183 178 178 180 177 173 171 177 178
 180 107 104 177 113  97 170 115 180 103 165 147 107 175 116 153
 122  89 159 154  71 154 170  64 167  68 157  91  30 155  79 138
 167  75  69 179 110  72 163  69 162  70 143  58 112 111  83 141
 152 141  57 171 115  73 148  69 161  84 111  89 160  74  70 133
 177 143 164 179 152 149 181 140 174  90  50 151 184  84  46 140
 185 183 185 184 188 184 179 108 161 141 115 178 179 160 118 158
 184 191 190 187 182 188 188 183 188 183 179 177 175 173 178 179
 189 184 189 187 183 187 187 183 183 178 176 180 179 177 179 185
 187 190 196 191 185 187 183 182 181 176 174 182 175 178 179 178
 192 190 188 184 185 186 184 180 178 182 179 178 181 178 180 173
 191 189 185 193 186 184 178 179 179 177 180 181 181 179 175 183
 180 183 186 186 193 184 179 182 185 178 179 179 181 179 169 182
 181 184 181 180 188 185 180 182 184 184 176 177 172 173 168 175
 185 184 180 179 182 187 179 181 184 182 178 178 173 178 172 175
 181 175 178 177 185 183 181 172 174 178 177 175 173 182 182 181
 159 158 156 159 157 155 156 156 156 158 156 155 153 151 152 149
 150  83  80 153  92  75 140  93 151  84 147 120  94 152  94 136
  99  80 138 120  48 137 144  41 147  44 139  67  21 131  56 125
 145  63  60 151  80  50 137  42 142  44 127  41  87  88  53 117
 129 119  41 151  86  58 128  50 138  50  85  73 131  47  49 121
 156 119 140 158 128 134 158 120 146  57  31 130 152  52  27 117
 159 158 159 157 157 157 155  83 135 117  97 155 155 131  95 136
 160 159 157 157 157 158 156 157 157 159 156 156 155 152 151 153
 159 158 159 159 158 159 159 157 155 158 156 155 155 153 153 152
 164 160 159 160 161 161 158 160 157 156 154 156 156 154 153 151
 165 161 160 159 160 159 159 158 157 156 155 156 155 153 152 152
 164 159 160 159 159 158 160 158 157 157 157 156 156 154 152 154
 161 160 160 159 157 158 160 158 158 158 156 156 156 154 155 152
 160 161 159 157 159 157 158 158 156 157 157 158 156 154 156 151
 159 158 160 160 159 159 159 157 156 158 156 157 156 154 153 152
 160 157 158 159 157 160 160 158 155 152 154 159 158 158 156 155
 154 152 153 153 150 148 150 150 153 151 147 145 146 143 147 147
 145  83  77 150  94  78 140  91 150  86 147 123  97 153 101 138
 100  76 130 121  52 136 147  43 144  48 139  66  22 135  63 123
 145  59  59 149  80  47 134  45 138  46 130  43  87  94  61 121
 125 116  39 146  87  59 128  48 136  58  94  76 132  54  55 121
 153 112 132 153 124 129 154 117 145  61  31 132 155  61  31 118
 155 152 151 153 153 153 154  82 133 111  93 153 149 128  90 136
 155 154 152 150 146 150 153 153 152 152 152 152 153 153 154 148
 155 154 153 152 152 153 155 154 153 152 153 154 151 151 154 150
 158 155 156 155 155 156 153 153 154 152 152 154 149 151 153 152
 158 150 155 155 158 153 153 151 152 153 151 152 149 153 153 154
 160 153 152 152 153 154 154 153 152 154 155 153 148 151 152 156
 159 154 152 153 156 153 154 155 155 154 153 154 154 152 152 154
 156 156 153 153 156 156 157 156 156 154 152 153 154 154 157 155
 156 155 154 155 154 155 155 157 152 152 152 152 153 152 154 155
 157 153 155 156 155 155 159 156 154 156 155 157 157 159 156 155

 178 153 138 141 133 140 158 179 185 178 173 183 182 175 175 181
 177 116  79  83  70  46 118 178 179 179 180 175 169 168 172 182
 171 175 155 111  74  84 160 173 177 178 178 179 179 173 178 182
 173 107  30 112 160 184 179 175 179 175 181 181 181 172 173 173
 177 147  91  58  89 151 178 177 180 182 178 181 179 177 178 175
 180 165 157 143 111  50 115 179 176 174 179 180 179 176 178 177
 178 103  68  70  84  90 141 183 178 176 182 177 178 184 182 178
 178 180 167 162 161 174 161 188 183 181 178 179 185 184 184 174
 183 115  64  69  69 140 108 183 183 182 180 179 182 182 181 172
 178 170 170 163 148 181 179 188 187 183 184 178 179 180 179 181
 181  97 154  72  73 149 184 188 187 187 186 184 184 185 187 183
 184 113  71 110 115 152 188 182 183 185 185 186 193 188 182 185
 184 177 154 179 171 179 184 187 187 191 184 193 186 180 179 177
 181 104 159  69  57 164 185 190 189 196 188 185 186 181 180 178
 184 107  89  75 141 143 183 191 184 190 190 189 183 184 184 175
 182 180 122 167 152 177 185 184 189 187 192 191 180 181 185 181
 149 136 125 117 121 117 136 153 152 151 152 154 152 151 152 155
 152  94  56  53  49  27  95 151 153 153 152 152 155 156 153 156
 151 152 131  88  47  52 131 152 153 154 153 154 154 154 154 158
 153  94  21  87 131 152 155 155 155 156 155 156 156 156 156 158
 155 120  67  41  73 130 155 156 155 156 156 156 156 158 157 159
 156 147 139 127  85  31  97 156 156 154 155 157 156 157 156 154
 158  84  44  44  50  57 117 159 158 156 156 157 158 157 158 152
 156 151 147 142 138 146 135 157 155 157 157 157 158 156 156 155
 156  93  41  42  50 120  83 157 157 160 158 158 158 158 157 158
 156 140 144 137 128 158 155 156 159 158 159 160 160 158 159 160
 155  75 137  50  58 134 157 158 159 161 159 158 158 157 159 160
 157  92  48  80  86 128 157 157 158 161 160 159 157 159 159 157
 159 153 120 151 151 158 157 157 159 160 159 159 159 157 160 159
 156  80 138  60  41 140 159 157 159 159 160 160 160 159 160 158
 158  83  80  63 119 119 158 159 158 160 161 159 160 161 158 157
 159 150  99 145 129 156 159 160 159 164 165 164 161 160 159 160
 147 138 123 121 121 118 136 148 150 152 154 156 154 155 155 155
 147 101  63  61  55  31  90 154 154 153 153 152 152 157 154 156
 143 153 135  94  54  61 128 153 151 151 153 151 152 154 152 159
 146  97  22  87 132 155 149 153 151 149 149 148 154 154 153 157
 145 123  66  43  76 132 153 152 154 154 152 153 154 153 152 157
 147 147 139 130  94  31  93 152 153 152 151 155 153 152 152 155
 151  86  48  46  58  61 111 152 152 152 153 154 154 154 152 156
 153 150 144 138 136 145 133 152 153 154 152 152 155 156 152 154
 150  91  43  45  48 117  82 153 154 153 151 153 155 156 157 156
 150 140 147 134 128 154 154 153 155 153 153 154 154 157 155 159
 148  78 136  47  59 129 153 150 153 156 153 154 153 156 155 155
 150  94  52  80  87 124 153 146 152 155 158 153 156 156 154 155
 153 150 121 149 146 153 153 150 152 155 155 152 153 153 155 156
 153  77 130  59  39 132 151 152 153 156 155 152 152 153 154 155
 152  83  76  59 116 112 152 154 154 155 150 153 154 156 155 153
 154 145 100 145 125 153 155 155 155 158 158 160 159 156 156 157

