 215 210 212 213 213 212 216 218 223 226 218 211 216 209 210 212
 204 208 211 202 213 208 206 208 207 215 224 219 208 198 203 218
 201 193 202 197 198 194 201 206 203 201 206 219 209 202 211 206
 205 195 206 205 137 128 132 131 131 175 211 209 202 211 223 211
 208 201 213 218  60  48  47  52  49  61 131 215 216 214 214 203
 205 210 198 204  55  54 171 204 134  49  44 204 212 223 218 206
 205 207 201 207  59  60 183 212 211  68  55 177 210 207 208 208
 217 208 203 212  59  59 197 222 154  60  57 211 209 212 212 217
 209 203 202 209  35  27  56  54  49  69 171 210 211 211 210 222
 222 214 216 201  47  32 105  87  56 103 211 192 209 205 210 224
 205 204 213 209  58  49 192 201  93  63 151 214 213 206 206 219
 207 216 214 218  67  47 195 208 151  52  73 203 213 200 207 213
 209 215 215 224  73  42 181 207 208  67  53 150 215 203 208 211
 202 212 205 212 109  99 191 208 199 140  74 134 215 205 213 205
 197 198 205 212 210 214 212 206 206 213 220 210 205 201 213 201
 207 206 200 215 215 210 206 199 201 210 220 216 205 209 211 203
 198 199 202 205 202 203 205 204 207 207 205 201 208 205 205 203
 196 195 194 197 200 199 199 197 199 199 200 200 200 203 201 204
 193 197 198 200 201 200 199 197 197 198 199 201 202 198 200 193
 193 198 197 197 136 123 128 126 127 172 196 201 201 202 198 189
 196 197 197 197  46  39  37  40  44  40 116 202 199 199 200 189
 196 197 198 200  45  41 155 190 126  42  41 190 199 201 199 191
 199 199 200 200  48  35 161 197 202  49  41 164 201 200 198 192
 192 195 196 197  52  31 178 200 149  39  44 198 203 205 202 204
 196 197 199 199  51  39  39  43  39  52 160 201 201 200 201 204
 194 198 198 199  56  37 100  83  43  83 195 202 201 199 202 204
 195 197 198 203  57  35 176 196  79  36 129 201 201 201 201 200
 195 197 200 206  55  36 178 197 144  38  62 192 198 198 197 199
 196 196 195 202  63  36 170 197 201  58  41 139 196 197 199 197
 196 198 194 198 100  82 177 198 198 133  55 118 196 199 199 198
 195 197 196 195 196 197 196 197 198 198 198 198 199 199 200 199
 196 197 195 195 194 198 197 200 198 197 198 198 199 199 199 202
 199 204 200 193 197 201 196 199 204 196 199 189 198 199 203 206
 193 193 188 191 195 192 193 191 198 201 192 193 188 190 189 198
 193 188 188 190 193 194 193 193 195 199 195 191 188 192 195 184
 193 187 191 190 131 118 119 121 123 167 192 192 196 198 194 185
 193 191 189 192  47  36  40  36  44  43 120 193 193 194 197 186
 190 190 191 195  44  43 152 188 124  36  38 185 198 195 194 186
 189 186 188 200  51  39 161 192 199  53  49 161 190 187 193 193
 192 194 185 192  52  37 176 197 145  52  54 194 190 185 190 199
 190 188 193 196  48  36  30  36  39  46 153 191 190 185 184 196
 185 189 189 189  51  36  95  79  43  77 194 194 196 192 187 192
 190 190 192 195  54  30 171 189  75  33 126 195 192 193 191 192
 188 187 190 198  61  30 172 193 141  36  55 190 195 196 191 194
 186 187 194 198  62  39 169 202 200  60  41 137 188 187 188 188
 192 190 190 192  91  76 176 197 191 132  54 108 192 188 192 189
 190 184 187 189 186 189 194 196 193 197 199 191 191 189 190 186
 188 191 189 192 191 191 189 190 190 196 196 187 186 188 186 197

 212 218 206 211 203 206 208 217 222 224 219 213 211 205 201 203
 210 203 211 223 214 218 208 212 210 210 206 207 208 213 213 211
 209 198 202 211 214 223 207 212 211 205 206 200 203 205 201 209
 216 208 209 202 216 212 210 209 211 209 213 213 215 215 205 205
 211 219 219 209 215 204 177 211 210 192 214 203 150 134 210 216
 218 224 206 211 131  44  55  57 171 211 151  73  53  74 220 220
 226 215 201 175  61  49  68  60  69 103  63  52  67 140 213 210
 223 207 203 131  49 134 211 154  49  56  93 151 208 199 206 201
 218 208 206 131  52 204 212 222  54  87 201 208 207 208 206 199
 216 206 201 132  47 171 183 197  56 105 192 195 181 191 212 206
 212 208 194 128  48  54  60  59  27  32  49  47  42  99 214 210
 213 213 198 137  60  55  59  59  35  47  58  67  73 109 210 215
 213 202 197 205 218 204 207 212 209 201 209 218 224 212 212 215
 212 211 202 206 213 198 201 203 202 216 213 214 215 205 205 200
 210 208 193 195 201 210 207 208 203 214 204 216 215 212 198 206
 215 204 201 205 208 205 205 217 209 222 205 207 209 202 197 207
 203 204 193 189 189 191 192 204 204 204 200 199 197 198 199 202
 205 201 200 198 200 199 198 202 201 202 201 197 199 199 200 199
 205 203 198 202 199 201 200 205 200 199 201 198 197 199 199 199
 208 200 202 201 199 199 201 203 201 201 201 198 196 196 199 199
 201 200 201 201 202 190 164 198 201 202 201 192 139 118 198 198
 205 200 199 196 116  41  41  44 160 195 129  62  41  55 198 198
 207 199 198 172  40  42  49  39  52  83  36  38  58 133 198 197
 207 199 197 127  44 126 202 149  39  43  79 144 201 198 198 198
 204 197 197 126  40 190 197 200  43  83 196 197 197 198 197 200
 205 199 199 128  37 155 161 178  39 100 176 178 170 177 196 197
 203 199 200 123  39  41  35  31  39  37  35  36  36  82 197 198
 202 200 201 136  46  45  48  52  51  56  57  55  63 100 196 194
 205 197 200 197 197 200 200 197 199 199 203 206 202 198 195 195
 202 194 198 197 197 198 200 196 199 198 198 200 195 194 196 195
 199 195 197 198 197 197 199 195 197 198 197 197 196 198 197 197
 198 196 193 193 196 196 199 192 196 194 195 195 196 196 195 196
 206 198 184 185 186 186 193 199 196 192 192 194 188 189 186 197
 203 189 195 194 197 194 193 190 184 187 191 191 188 192 190 186
 199 190 192 198 194 195 187 185 185 192 193 196 187 188 189 188
 198 188 188 196 193 198 190 190 190 196 192 195 188 192 191 186
 189 193 191 192 193 185 161 194 191 194 195 190 137 108 191 187
 199 192 195 192 120  38  49  54 153 194 126  55  41  54 199 196
 196 201 199 167  43  36  53  52  46  77  33  36  60 132 197 196
 204 198 195 123  44 124 199 145  39  43  75 141 200 191 193 190
 199 191 193 121  36 188 192 197  36  79 189 193 202 197 196 190
 196 193 193 119  40 152 161 176  30  95 171 172 169 176 194 189
 201 192 194 118  36  43  39  37  36  36  30  30  39  76 189 191
 197 195 193 131  47  44  51  52  48  51  54  61  62  91 186 191
 193 191 190 190 192 195 200 192 196 189 195 198 198 192 189 192
 200 188 188 191 189 191 188 185 193 189 192 190 194 190 187 189
 204 193 188 187 191 190 186 194 188 189 190 187 187 190 184 191
 199 193 193 193 193 190 189 192 190 185 190 188 186 192 190 188

 203 211 209 205 216 220 210 201 199 206 210 215 215 200 206 207
 201 213 201 205 210 220 213 206 206 212 214 210 212 205 198 197
 205 213 205 215 134  74 140 199 208 191  99 109 212 205 212 202
 211 208 203 215 150  53  67 208 207 181  42  73 224 215 215 209
 213 207 200 213 203  73  52 151 208 195  47  67 218 214 216 207
 219 206 206 213 214 151  63  93 201 192  49  58 209 213 204 205
 224 210 205 209 192 211 103  56  87 105  32  47 201 216 214 222
 222 210 211 211 210 171  69  49  54  56  27  35 209 202 203 209
 217 212 212 209 211  57  60 154 222 197  59  59 212 203 208 217
 208 208 207 210 177  55  68 211 212 183  60  59 207 201 207 205
 206 218 223 212 204  44  49 134 204 171  54  55 204 198 210 205
 203 214 214 216 215 131  61  49  52  47  48  60 218 213 201 208
 211 223 211 202 209 211 175 131 131 132 128 137 205 206 195 205
 206 211 202 209 219 206 201 203 206 201 194 198 197 202 193 201
 218 203 198 208 219 224 215 207 208 206 208 213 202 211 208 204
 212 210 209 216 211 218 226 223 218 216 212 213 213 212 210 215
 202 199 199 199 198 198 197 198 200 197 198 194 195 195 197 196
 199 200 199 199 198 198 198 198 197 196 197 196 195 196 197 195
 198 199 199 196 118  55 133 198 198 177  82 100 198 194 198 196
 197 199 197 196 139  41  58 201 197 170  36  63 202 195 196 196
 199 197 198 198 192  62  38 144 197 178  36  55 206 200 197 195
 200 201 201 201 201 129  36  79 196 176  35  57 203 198 197 195
 204 202 199 201 202 195  83  43  83 100  37  56 199 198 198 194
 204 201 200 201 201 160  52  39  43  39  39  51 199 199 197 196
 204 202 205 203 198  44  39 149 200 178  31  52 197 196 195 192
 192 198 200 201 164  41  49 202 197 161  35  48 200 200 199 199
 191 199 201 199 190  41  42 126 190 155  41  45 200 198 197 196
 189 200 199 199 202 116  40  44  40  37  39  46 197 197 197 196
 189 198 202 201 201 196 172 127 126 128 123 136 197 197 198 193
 193 200 198 202 201 199 198 197 197 199 200 201 200 198 197 193
 204 201 203 200 200 200 199 199 197 199 199 200 197 194 195 196
 203 205 205 208 201 205 207 207 204 205 203 202 205 202 199 198
 197 186 188 186 187 196 196 190 190 189 191 191 192 189 191 188
 186 190 189 191 191 199 197 193 196 194 189 186 189 187 184 190
 189 192 188 192 108  54 132 191 197 176  76  91 192 190 190 192
 188 188 187 188 137  41  60 200 202 169  39  62 198 194 187 186
 194 191 196 195 190  55  36 141 193 172  30  61 198 190 187 188
 192 191 193 192 195 126  33  75 189 171  30  54 195 192 190 190
 192 187 192 196 194 194  77  43  79  95  36  51 189 189 189 185
 196 184 185 190 191 153  46  39  36  30  36  48 196 193 188 190
 199 190 185 190 194  54  52 145 197 176  37  52 192 185 194 192
 193 193 187 190 161  49  53 199 192 161  39  51 200 188 186 189
 186 194 195 198 185  38  36 124 188 152  43  44 195 191 190 190
 186 197 194 193 193 120  43  44  36  40  36  47 192 189 191 193
 185 194 198 196 192 192 167 123 121 119 118 131 190 191 187 193
 184 195 192 188 191 195 199 195 193 193 194 193 190 188 188 193
 198 189 190 188 193 192 201 198 191 193 192 195 191 188 193 193
 206 203 199 198 189 199 196 204 199 196 201 197 193 200 204 199

 207 197 202 209 207 205 222 209 217 205 205 208 205 201 204 215
 206 198 212 215 216 204 214 203 208 207 210 201 195 193 208 210
 200 205 205 215 214 213 216 202 203 201 198 213 206 202 211 212
 215 212 212 224 218 209 201 209 212 207 204 218 205 197 202 213
 215 210 109  73  67  58  47  35  59  59  55  60 137 198 213 213
 210 214  99  42  47  49  32  27  59  60  54  48 128 194 208 212
 206 212 191 181 195 192 105  56 197 183 171  47 132 201 206 216
 199 206 208 207 208 201  87  54 222 212 204  52 131 206 208 218
 201 206 199 208 151  93  56  49 154 211 134  49 131 203 207 223
 210 213 140  67  52  63 103  69  60  68  49  61 175 201 215 226
 220 220  74  53  73 151 211 171  57  55  44 131 211 206 224 218
 216 210 134 150 203 214 192 210 211 177 204 215 209 219 219 211
 205 205 215 215 213 213 209 211 209 210 212 216 202 209 208 216
 209 201 205 203 200 206 205 211 212 207 223 214 211 202 198 209
 211 213 213 208 207 206 210 210 212 208 218 214 223 211 203 210
 203 201 205 211 213 219 224 222 217 208 206 203 211 206 218 212
 196 195 196 196 195 195 194 196 192 199 196 196 193 193 196 198
 197 197 198 196 197 197 198 197 195 199 197 197 198 197 195 199
 195 196 194 195 200 198 198 199 196 200 198 197 197 198 194 202
 195 195 198 202 206 203 199 199 197 200 200 197 197 200 197 205
 194 196 100  63  55  57  56  51  52  48  45  46 136 201 200 202
 198 197  82  36  36  35  37  39  31  35  41  39 123 200 199 203
 197 196 177 170 178 176 100  39 178 161 155  37 128 199 199 205
 200 197 198 197 197 196  83  43 200 197 190  40 126 197 197 204
 198 198 198 201 144  79  43  39 149 202 126  44 127 197 199 207
 197 198 133  58  38  36  83  52  39  49  42  40 172 198 199 207
 198 198  55  41  62 129 195 160  44  41  41 116 196 199 200 205
 198 198 118 139 192 201 202 201 198 164 190 202 201 201 200 201
 199 199 196 196 198 201 201 201 203 201 199 199 201 202 200 208
 199 199 199 197 198 201 199 200 205 200 201 199 202 198 203 205
 199 200 199 199 197 201 202 201 202 198 199 200 198 200 201 205
 202 199 198 197 199 200 204 204 204 192 191 189 189 193 204 203
 188 190 192 186 188 190 185 190 192 189 190 193 193 193 193 199
 191 184 190 187 187 190 189 188 194 186 190 191 187 188 193 204
 189 187 190 194 190 192 189 193 185 188 191 189 191 188 188 200
 192 189 192 198 198 195 189 196 192 200 195 192 190 190 191 193
 191 186  91  62  61  54  51  48  52  51  44  47 131 193 195 197
 191 189  76  39  30  30  36  36  37  39  43  36 118 194 192 201
 189 194 176 169 172 171  95  30 176 161 152  40 119 193 193 196
 190 196 197 202 193 189  79  36 197 192 188  36 121 193 191 199
 190 193 191 200 141  75  43  39 145 199 124  44 123 195 198 204
 196 197 132  60  36  33  77  46  52  53  36  43 167 199 201 196
 196 199  54  41  55 126 194 153  54  49  38 120 192 195 192 199
 187 191 108 137 190 195 194 191 194 161 185 193 192 191 193 189
 186 191 192 188 195 192 196 190 190 190 198 193 196 188 188 198
 188 189 188 187 196 193 192 185 185 187 195 194 198 192 190 199
 186 190 192 188 191 191 187 184 190 193 194 197 194 195 189 203
 197 186 189 188 194 192 192 196 199 193 186 186 185 184 198 206

