 182 188 184 183 181 182 180 183 189 189 180 180 184 182 182 180
 187 184 185 186 184 182 182 179 181 182 176 176 178 176 178 174
 183 179 184 187 190 189 182 182 184 188 181 177 180 179 180 180
 187 182 185 186 186 182 177 177 182 182 184 182 181 176 174 177
 190 184 183 182 178 180 185 182 182 178 179 181 180 177 179 183
 181 184 188 185 184 182 186 180 178 177 175 176 178 180 176 174
 183 187 186 185 189 190 182 181 183 181 180 179 180 178 176 171
 186 182 182 184 188 187 184 185 185 187 179 175 176 176 174 172
 182 186 181 141 121 125 181 185 105 134 177 182 178 181 179 175
 187 186  86  83 120  71  87 187  77 117 184 185 181 175 179 172
 185 163  55 178 184 185  55 165  89  95 178 101  69  74 169 173
 187 162  67 189 184 188  55 153  92 115 146  77 189  81 125 174
 183 169  51 185 181 173  43 149  78 127 125  59  93 106 137 172
 190 185  82  85 125  81  90 179  82 128 139  51 133 134 160 176
 184 186 172 135 109 128 178 179 143 163 184 134 101 114 167 178
 183 190 186 182 180 182 184 179 183 189 187 177 177 176 180 177
 180 180 180 178 176 177 178 178 181 179 175 176 177 177 179 179
 177 180 179 177 177 178 179 178 179 177 177 178 175 176 175 174
 178 180 179 178 178 176 177 181 179 179 176 177 175 177 176 174
 177 178 180 178 178 178 179 180 179 178 176 176 175 176 174 174
 183 179 180 178 179 179 178 178 178 178 176 176 175 176 174 173
 180 180 178 177 177 177 178 179 179 178 179 179 176 174 173 172
 179 178 179 179 177 178 179 177 178 177 176 179 177 175 174 172
 181 180 178 177 179 177 178 177 174 177 177 176 176 177 173 172
 180 181 176 136 117 119 172 175  86 121 175 175 175 174 174 170
 178 180  79  73 117  64  73 175  63 109 175 175 179 171 172 174
 182 156  39 171 178 177  40 152  74  89 172  91  64  76 164 172
 178 151  45 182 179 182  41 147  86 105 132  66 183  78 117 171
 177 159  37 174 179 164  28 146  69 110 108  46  79  93 131 172
 180 180  74  78 121  72  77 175  74 120 133  47 135 129 153 170
 180 180 168 124 104 121 170 174 137 154 174 129  99 104 159 170
 182 184 184 177 176 177 178 175 176 178 179 176 175 171 175 174
 175 175 169 172 171 175 176 173 175 176 175 175 175 173 177 177
 175 172 168 171 170 172 174 173 172 170 174 175 174 174 171 172
 173 173 176 177 178 178 174 178 177 176 175 174 174 176 174 177
 174 174 176 177 178 177 176 176 177 175 177 176 175 173 171 173
 182 176 176 174 174 173 174 174 175 175 177 175 172 172 169 168
 174 174 175 177 177 174 175 177 176 176 180 177 173 170 170 171
 178 179 179 176 175 173 175 175 176 173 172 174 173 171 171 168
 175 175 173 172 174 173 177 177 175 177 175 174 175 175 170 168
 171 173 169 133 109 115 173 175  88 120 174 170 169 169 171 171
 176 173  73  70 116  68  72 176  69 109 171 172 174 167 171 172
 183 152  37 168 176 179  43 153  79  89 172  93  64  71 162 172
 176 147  42 176 172 180  45 147  84 110 131  64 177  71 117 172
 172 155  36 168 172 159  26 144  67 114 109  40  80 100 139 175
 180 179  79  77 117  64  78 176  74 121 132  45 135 133 154 173
 175 172 165 125 103 117 170 170 132 151 171 126  99 109 159 172
 179 179 179 170 168 174 176 174 173 174 175 173 175 170 176 174

 180 174 180 177 183 174 171 172 175 172 173 174 172 176 178 177
 182 178 180 174 179 176 176 174 179 179 169 125 137 160 167 180
 182 176 179 176 177 180 178 176 181 175  74  81 106 134 114 176
 184 178 180 181 180 178 180 176 178 181  69 189  93 133 101 177
 180 176 177 182 181 176 179 175 182 185 101  77  59  51 134 177
 180 176 181 184 179 175 180 179 177 184 178 146 125 139 184 187
 189 182 188 182 178 177 181 187 134 117  95 115 127 128 163 189
 189 181 184 182 182 178 183 185 105  77  89  92  78  82 143 183
 183 179 182 177 182 180 181 185 185 187 165 153 149 179 179 179
 180 182 182 177 185 186 182 184 181  87  55  55  43  90 178 184
 182 182 189 182 180 182 190 187 125  71 185 188 173  81 128 182
 181 184 190 186 178 184 189 188 121 120 184 184 181 125 109 180
 183 186 187 186 182 185 185 184 141  83 178 189 185  85 135 182
 184 185 184 185 183 188 186 182 181  86  55  67  51  82 172 186
 188 184 179 182 184 184 187 182 186 186 163 162 169 185 186 190
 182 187 183 187 190 181 183 186 182 187 185 187 183 190 184 183
 179 174 174 174 173 172 172 172 170 174 172 171 172 170 170 174
 179 175 176 174 174 173 174 173 174 172 164 117 131 153 159 175
 177 176 177 176 176 174 175 177 174 171  76  78  93 129 104 171
 177 175 175 175 175 176 177 176 175 179  64 183  79 135  99 175
 176 178 177 176 176 179 179 176 175 175  91  66  46  47 129 176
 175 177 176 176 176 179 176 177 175 175 172 132 108 133 174 179
 179 177 179 178 178 178 177 177 121 109  89 105 110 120 154 178
 181 179 179 179 178 179 178 174  86  63  74  86  69  74 137 176
 178 178 181 180 178 179 177 177 175 175 152 147 146 175 174 175
 178 179 177 179 178 178 179 178 172  73  40  41  28  77 170 178
 177 178 176 178 179 177 178 177 119  64 177 182 164  72 121 177
 176 177 178 178 179 177 177 179 117 117 178 179 179 121 104 176
 178 177 178 178 178 177 179 177 136  73 171 182 174  78 124 177
 180 179 179 180 180 178 179 178 176  79  39  45  37  74 168 184
 180 180 180 178 179 180 178 180 181 180 156 151 159 180 180 184
 180 177 178 177 183 180 179 181 180 178 182 178 177 180 180 182
 177 172 177 173 168 171 168 168 171 172 172 172 175 173 172 174
 177 171 174 171 169 170 171 170 171 171 162 117 139 154 159 176
 173 174 176 173 172 170 171 175 169 167  71  71 100 133 109 170
 175 174 174 175 172 173 173 175 169 174  64 177  80 135  99 175
 175 175 174 176 175 177 174 174 170 172  93  64  40  45 126 173
 175 174 175 177 177 180 172 175 174 171 172 131 109 132 171 175
 176 170 176 175 175 176 173 177 120 109  89 110 114 121 151 174
 175 172 177 177 175 176 176 175  88  69  79  84  67  74 132 173
 173 173 178 176 174 177 175 177 175 176 153 147 144 176 170 174
 176 174 174 176 174 175 175 177 173  72  43  45  26  78 170 176
 175 172 178 177 173 174 173 173 115  68 179 180 159  64 117 174
 171 170 178 178 174 177 175 174 109 116 176 172 172 117 103 168
 172 171 177 177 174 177 176 172 133  70 168 176 168  77 125 170
 169 168 176 176 176 175 179 173 169  73  37  42  36  79 165 179
 175 172 173 174 176 174 179 175 173 173 152 147 155 179 172 179
 175 175 173 174 182 174 178 175 171 176 183 176 172 180 175 179

 177 180 176 177 177 187 189 183 179 184 182 180 182 186 190 183
 178 167 114 101 134 184 163 143 179 178 128 109 135 172 186 184
 176 160 134 133  51 139 128  82 179  90  81 125  85  82 185 190
 172 137 106  93  59 125 127  78 149  43 173 181 185  51 169 183
 174 125  81 189  77 146 115  92 153  55 188 184 189  67 162 187
 173 169  74  69 101 178  95  89 165  55 185 184 178  55 163 185
 172 179 175 181 185 184 117  77 187  87  71 120  83  86 186 187
 175 179 181 178 182 177 134 105 185 181 125 121 141 181 186 182
 172 174 176 176 175 179 187 185 185 184 187 188 184 182 182 186
 171 176 178 180 179 180 181 183 181 182 190 189 185 186 187 183
 174 176 180 178 176 175 177 178 180 186 182 184 185 188 184 181
 183 179 177 180 181 179 178 182 182 185 180 178 182 183 184 190
 177 174 176 181 182 184 182 182 177 177 182 186 186 185 182 187
 180 180 179 180 177 181 188 184 182 182 189 190 187 184 179 183
 174 178 176 178 176 176 182 181 179 182 182 184 186 185 184 187
 180 182 182 184 180 180 189 189 183 180 182 181 183 184 188 182
 174 175 171 175 176 179 178 176 175 178 177 176 177 184 184 182
 170 159 104  99 129 174 154 137 174 170 121 104 124 168 180 180
 170 153 129 135  47 133 120  74 175  77  72 121  78  74 180 180
 172 131  93  79  46 108 110  69 146  28 164 179 174  37 159 177
 171 117  78 183  66 132 105  86 147  41 182 179 182  45 151 178
 172 164  76  64  91 172  89  74 152  40 177 178 171  39 156 182
 174 172 171 179 175 175 109  63 175  73  64 117  73  79 180 178
 170 174 174 175 175 175 121  86 175 172 119 117 136 176 181 180
 172 173 177 176 176 177 177 174 177 178 177 179 177 178 180 181
 172 174 175 177 179 176 177 178 177 179 178 177 179 179 178 179
 172 173 174 176 179 179 178 179 179 178 177 177 177 178 180 180
 173 174 176 175 176 176 178 178 178 178 179 179 178 180 179 183
 174 174 176 175 176 176 178 179 180 179 178 178 178 180 178 177
 174 176 177 175 177 176 179 179 181 177 176 178 178 179 180 178
 174 175 176 175 178 177 177 179 178 179 178 177 177 179 180 177
 179 179 177 177 176 175 179 181 178 178 177 176 178 180 180 180
 174 176 170 175 173 175 174 173 174 176 174 168 170 179 179 179
 172 159 109  99 126 171 151 132 170 170 117 103 125 165 172 175
 173 154 133 135  45 132 121  74 176  78  64 117  77  79 179 180
 175 139 100  80  40 109 114  67 144  26 159 172 168  36 155 172
 172 117  71 177  64 131 110  84 147  45 180 172 176  42 147 176
 172 162  71  64  93 172  89  79 153  43 179 176 168  37 152 183
 172 171 167 174 172 171 109  69 176  72  68 116  70  73 173 176
 171 171 169 169 170 174 120  88 175 173 115 109 133 169 173 171
 168 170 175 175 174 175 177 175 177 177 173 174 172 173 175 175
 168 171 171 173 174 172 173 176 175 175 173 175 176 179 179 178
 171 170 170 173 177 180 176 176 177 175 174 177 177 175 174 174
 168 169 172 172 175 177 175 175 174 174 173 174 174 176 176 182
 173 171 173 175 176 177 175 177 176 176 177 178 177 176 174 174
 177 174 176 174 174 175 176 177 178 174 178 178 177 176 173 173
 172 171 174 174 175 174 170 172 173 174 172 170 171 168 172 175
 177 177 173 175 175 175 176 175 173 176 175 171 172 169 175 175

 183 184 190 183 187 185 187 182 186 183 181 190 187 183 187 182
 190 186 185 169 162 163 186 186 182 187 184 184 182 179 184 188
 186 172  82  51  67  55  86 181 182 186 188 183 185 184 185 184
 182 135  85 185 189 178  83 141 184 185 185 182 186 187 186 183
 180 109 125 181 184 184 120 121 188 189 184 178 186 190 184 181
 182 128  81 173 188 185  71 125 187 190 182 180 182 189 182 182
 184 178  90  43  55  55  87 181 184 182 186 185 177 182 182 180
 179 179 179 149 153 165 187 185 185 181 180 182 177 182 179 183
 183 143  82  78  92  89  77 105 185 183 178 182 182 184 181 189
 189 163 128 127 115  95 117 134 187 181 177 178 182 188 182 189
 187 184 139 125 146 178 184 177 179 180 175 179 184 181 176 180
 177 134  51  59  77 101 185 182 175 179 176 181 182 177 176 180
 177 101 133  93 189  69 181 178 176 180 178 180 181 180 178 184
 176 114 134 106  81  74 175 181 176 178 180 177 176 179 176 182
 180 167 160 137 125 169 179 179 174 176 176 179 174 180 178 182
 177 178 176 172 174 173 172 175 172 171 174 183 177 180 174 180
 182 180 180 177 178 182 178 180 181 179 180 183 177 178 177 180
 184 180 180 159 151 156 180 181 180 178 180 179 178 180 180 180
 184 168  74  37  45  39  79 176 178 179 178 180 180 179 179 180
 177 124  78 174 182 171  73 136 177 179 177 178 178 178 177 178
 176 104 121 179 179 178 117 117 179 177 177 179 178 178 177 176
 177 121  72 164 182 177  64 119 177 178 177 179 178 176 178 177
 178 170  77  28  41  40  73 172 178 179 178 178 179 177 179 178
 175 174 175 146 147 152 175 175 177 177 179 178 180 181 178 178
 176 137  74  69  86  74  63  86 174 178 179 178 179 179 179 181
 178 154 120 110 105  89 109 121 177 177 178 178 178 179 177 179
 179 174 133 108 132 172 175 175 177 176 179 176 176 176 177 175
 176 129  47  46  66  91 175 175 176 179 179 176 176 177 178 176
 175  99 135  79 183  64 179 175 176 177 176 175 175 175 175 177
 171 104 129  93  78  76 171 174 177 175 174 176 176 177 176 177
 175 159 153 131 117 164 172 174 173 174 173 174 174 176 175 179
 174 170 170 172 171 172 174 170 172 172 172 173 174 174 174 179
 179 175 180 172 176 183 176 171 175 178 174 182 174 173 175 175
 179 172 179 155 147 152 173 173 175 179 174 176 174 173 172 175
 179 165  79  36  42  37  73 169 173 179 175 176 176 176 168 169
 170 125  77 168 176 168  70 133 172 176 177 174 177 177 171 172
 168 103 117 172 172 176 116 109 174 175 177 174 178 178 170 171
 174 117  64 159 180 179  68 115 173 173 174 173 177 178 172 175
 176 170  78  26  45  43  72 173 177 175 175 174 176 174 174 176
 174 170 176 144 147 153 176 175 177 175 177 174 176 178 173 173
 173 132  74  67  84  79  69  88 175 176 176 175 177 177 172 175
 174 151 121 114 110  89 109 120 177 173 176 175 175 176 170 176
 175 171 132 109 131 172 171 174 175 172 180 177 177 175 174 175
 173 126  45  40  64  93 172 170 174 174 177 175 176 174 175 175
 175  99 135  80 177  64 174 169 175 173 173 172 175 174 174 175
 170 109 133 100  71  71 167 169 175 171 170 172 173 176 174 173
 176 159 154 139 117 162 171 171 170 171 170 169 171 174 171 177
 174 172 173 175 172 172 172 171 168 168 171 168 173 177 172 177

