 160 169 165 168 165 137 113 106  98 102 127 153 161 162 162 159
 157 161 160 155 117  82  42  30  29  30  72 111 137 162 163 151
 156 162 154 110  49  35  31  33  33  34  31  32  95 140 161 145
 158 164 131  59  38  40  71 113 111  64  38  30  49 114 159 138
 154 151 104  37  72 124 160 163 164 153 130  75  42  91 144 155
 157 133  72  51 141 144 147 145 145 145 144 148  63  63 134 158
 162 135  54  52 109 104  89 111 105  76 110 106  52  57 118 149
 161 145  43  58 103 106  62 117  97  47 124  97  38  51 128 142
 162 139  38  59 105 125  64 130 100  43 123 110  52  35 133 135
 162 132  48  64 105 134  54 130 111  43 111 121  59  45 138 131
 157 137  63  37 102 136  64 114 118  59 104 111  50  61 122 143
 158 138  75  51 109 105  88  97  93  81  91 100  54  84 133 145
 162 153 103  33  29  34  35  39  37  37  47  33  38 115 152 141
 165 164 130  79  30  51  43  77  65  51  75  34  91 138 156 133
 161 163 165 134  87  36  32  30  27  33  41  92 132 158 159 128
 161 161 165 165 132 112  77  70  69  96 120 147 161 157 158 130
 140 140 142 141 138 114  96  87  83  85 104 128 139 139 140 139
 134 136 135 129  92  57  23  20  18  17  56  91 112 134 134 128
 132 135 128  92  28  19  18  18  15  14  18  21  78 118 134 122
 134 137 108  39  17  19  46  90  90  39  19  18  36  97 135 113
 136 127  82  22  55 100 131 139 139 128 103  50  20  73 121 131
 140 112  54  35 118 118 119 116 117 115 114 122  40  50 116 133
 136 110  32  31  84  83  65  86  78  48  85  79  31  41 100 128
 138 121  24  37  76  83  43  92  71  22 103  74  19  37 115 120
 136 118  22  43  81 103  43 102  75  21 105  89  34  21 110 112
 138 106  27  45  81 108  31 103  89  25  94  99  36  27 111 110
 137 115  44  22  77 109  40  89  97  38  83  89  26  43 102 123
 138 117  55  36  85  82  68  78  77  61  70  76  31  63 110 126
 140 131  80  15  15  15  19  27  24  19  27  17  22  94 132 121
 141 141 107  57  14  29  25  60  44  31  50  18  68 114 133 112
 142 140 141 105  65  19  16  17  17  17  25  77 108 134 132 105
 141 140 139 141 111  93  61  54  55  73  97 122 137 134 132 111
 128 127 125 127 129 102  80  81  78  81  95 116 125 123 122 124
 124 123 119 116  84  54  21  13  12  10  49  84 104 118 119 117
 123 121 118  81  18   9   8   9   7  11  10  12  67 103 121 110
 122 124  99  32   9  10  35  75  78  33  16  17  31  85 120 101
 116 107  72  14  40  82 113 121 124 116  95  44  16  68 110 116
 123  96  48  23 100  99 104 103 101 100 103 107  31  45 104 123
 121  96  27  23  78  71  58  74  70  40  78  71  27  38  88 111
 123 109  19  30  73  77  37  87  66  20  98  69  14  31 103 104
 124 107  18  39  80  95  38  95  70  18  97  75  24  13 103 101
 122  96  21  41  75 102  29  91  86  18  87  92  30  21 100  95
 120 104  40  21  70 101  36  85  94  35  80  81  16  37  86 113
 119 105  49  31  70  68  55  68  65  47  55  64  22  59 102 114
 120 114  72   9  11  10  11  22  21  14  18   9  12  84 115 107
 124 125  94  48  10  34  22  55  40  27  44  11  63 103 119 102
 124 125 121  91  56  16  14  15  12   9  17  73  98 119 118  94
 122 121 121 122  92  84  54  48  48  67  85 111 127 121 120 102

 159 151 145 138 155 158 149 142 135 131 143 145 141 133 128 130
 162 163 161 159 144 134 118 128 133 138 122 133 152 156 159 158
 162 162 140 114  91  63  57  51  35  45  61  84 115 138 158 157
 161 137  95  49  42  63  52  38  52  59  50  54  38  91 132 161
 153 111  32  30  75 148 106  97 110 121 111 100  33  34  92 147
 127  72  31  38 130 144 110 124 123 111 104  91  47  75  41 120
 102  30  34  64 153 145  76  47  43  43  59  81  37  51  33  96
  98  29  33 111 164 145 105  97 100 111 118  93  37  65  27  69
 106  30  33 113 163 145 111 117 130 130 114  97  39  77  30  70
 113  42  31  71 160 147  89  62  64  54  64  88  35  43  32  77
 137  82  35  40 124 144 104 106 125 134 136 105  34  51  36 112
 165 117  49  38  72 141 109 103 105 105 102 109  29  30  87 132
 168 155 110  59  37  51  52  58  59  64  37  51  33  79 134 165
 165 160 154 131 104  72  54  43  38  48  63  75 103 130 165 165
 169 161 162 164 151 133 135 145 139 132 137 138 153 164 163 161
 160 157 156 158 154 157 162 161 162 162 157 158 162 165 161 161
 139 128 122 113 131 133 128 120 112 110 123 126 121 112 105 111
 140 134 134 135 121 116 100 115 110 111 102 110 132 133 132 132
 139 134 118  97  73  50  41  37  21  27  43  63  94 114 134 134
 139 112  78  36  20  40  31  19  34  36  26  31  22  68 108 137
 128  91  21  18  50 122  79  74  89  99  89  76  17  18  77 122
 104  56  18  19 103 114  85 103 105  94  83  70  27  50  25  97
  85  17  14  39 128 115  48  22  21  25  38  61  19  31  17  73
  83  18  15  90 139 117  78  71  75  89  97  77  24  44  17  55
  87  20  18  90 139 116  86  92 102 103  89  78  27  60  17  54
  96  23  18  46 131 119  65  43  43  31  40  68  19  25  16  61
 114  57  19  19 100 118  83  83 103 108 109  82  15  29  19  93
 138  92  28  17  55 118  84  76  81  81  77  85  15  14  65 111
 141 129  92  39  22  35  31  37  43  45  22  36  15  57 105 141
 142 135 128 108  82  54  32  24  22  27  44  55  80 107 141 139
 140 136 135 137 127 112 110 121 118 106 115 117 131 141 140 140
 140 134 132 134 136 140 136 138 136 138 137 138 140 141 142 141
 124 117 110 101 116 123 111 104 101  95 113 114 107 102  94 102
 122 119 121 120 110 104  88 103 103 100  86 102 115 119 118 120
 123 118 103  85  68  45  38  31  13  21  37  59  84 103 119 121
 125 104  67  31  16  31  27  14  24  30  16  22  12  63  98 127
 116  84  12  17  44 107  71  69  75  92  81  64   9  11  73 111
  95  49  10  16  95 103  78  98  97  87  80  55  18  44  17  85
  81  10  11  33 116 100  40  20  18  18  35  47  14  27   9  67
  78  12   7  78 124 101  70  66  70  86  94  65  21  40  12  48
  81  13   9  75 121 103  74  87  95  91  85  68  22  55  15  48
  80  21   8  35 113 104  58  37  38  29  36  55  11  22  14  54
 102  54   9  10  82  99  71  77  95 102 101  68  10  34  16  84
 129  84  18   9  40 100  78  73  80  75  70  70  11  10  56  92
 127 116  81  32  14  23  23  30  39  41  21  31   9  48  91 122
 125 119 118  99  72  48  27  19  18  21  40  49  72  94 121 121
 127 123 121 124 107  96  96 109 107  96 104 105 114 125 125 121
 128 124 123 122 116 123 121 123 124 122 120 119 120 124 124 122

 130 158 157 161 147 120  96  69  70  77 112 132 165 165 161 161
 128 159 158 132  92  41  33  27  30  32  36  87 134 165 163 161
 133 156 138  91  34  75  51  65  77  43  51  30  79 130 164 165
 141 152 115  38  33  47  37  37  39  35  34  29  33 103 153 162
 145 133  84  54 100  91  81  93  97  88 105 109  51  75 138 158
 143 122  61  50 111 104  59 118 114  64 136 102  37  63 137 157
 131 138  45  59 121 111  43 111 130  54 134 105  64  48 132 162
 135 133  35  52 110 123  43 100 130  64 125 105  59  38 139 162
 142 128  51  38  97 124  47  97 117  62 106 103  58  43 145 161
 149 118  57  52 106 110  76 105 111  89 104 109  52  54 135 162
 158 134  63  63 148 144 145 145 145 147 144 141  51  72 133 157
 155 144  91  42  75 130 153 164 163 160 124  72  37 104 151 154
 138 159 114  49  30  38  64 111 113  71  40  38  59 131 164 158
 145 161 140  95  32  31  34  33  33  31  35  49 110 154 162 156
 151 163 162 137 111  72  30  29  30  42  82 117 155 160 161 157
 159 162 162 161 153 127 102  98 106 113 137 165 168 165 169 160
 111 132 134 137 122  97  73  55  54  61  93 111 141 139 140 141
 105 132 134 108  77  25  17  17  17  16  19  65 105 141 140 142
 112 133 114  68  18  50  31  44  60  25  29  14  57 107 141 141
 121 132  94  22  17  27  19  24  27  19  15  15  15  80 131 140
 126 110  63  31  76  70  61  77  78  68  82  85  36  55 117 138
 123 102  43  26  89  83  38  97  89  40 109  77  22  44 115 137
 110 111  27  36  99  94  25  89 103  31 108  81  45  27 106 138
 112 110  21  34  89 105  21  75 102  43 103  81  43  22 118 136
 120 115  37  19  74 103  22  71  92  43  83  76  37  24 121 138
 128 100  41  31  79  85  48  78  86  65  83  84  31  32 110 136
 133 116  50  40 122 114 115 117 116 119 118 118  35  54 112 140
 131 121  73  20  50 103 128 139 139 131 100  55  22  82 127 136
 113 135  97  36  18  19  39  90  90  46  19  17  39 108 137 134
 122 134 118  78  21  18  14  15  18  18  19  28  92 128 135 132
 128 134 134 112  91  56  17  18  20  23  57  92 129 135 136 134
 139 140 139 139 128 104  85  83  87  96 114 138 141 142 140 140
 102 120 121 127 111  85  67  48  48  54  84  92 122 121 121 122
  94 118 119  98  73  17   9  12  15  14  16  56  91 121 125 124
 102 119 103  63  11  44  27  40  55  22  34  10  48  94 125 124
 107 115  84  12   9  18  14  21  22  11  10  11   9  72 114 120
 114 102  59  22  64  55  47  65  68  55  68  70  31  49 105 119
 113  86  37  16  81  80  35  94  85  36 101  70  21  40 104 120
  95 100  21  30  92  87  18  86  91  29 102  75  41  21  96 122
 101 103  13  24  75  97  18  70  95  38  95  80  39  18 107 124
 104 103  31  14  69  98  20  66  87  37  77  73  30  19 109 123
 111  88  38  27  71  78  40  70  74  58  71  78  23  27  96 121
 123 104  45  31 107 103 100 101 103 104  99 100  23  48  96 123
 116 110  68  16  44  95 116 124 121 113  82  40  14  72 107 116
 101 120  85  31  17  16  33  78  75  35  10   9  32  99 124 122
 110 121 103  67  12  10  11   7   9   8   9  18  81 118 121 123
 117 119 118 104  84  49  10  12  13  21  54  84 116 119 123 124
 124 122 123 125 116  95  81  78  81  80 102 129 127 125 127 128

 161 161 165 162 158 157 162 162 161 162 157 154 158 156 157 160
 161 163 164 153 138 137 132 139 145 135 133 151 164 162 161 169
 165 165 130 103  75  63  48  38  43  54  72 104 131 154 160 165
 165 134  79  33  51  37  64  59  58  52  51  37  59 110 155 168
 132  87  30  29 109 102 105 105 103 109 141  72  38  49 117 165
 112  36  51  34 105 136 134 125 106 104 144 124  40  35  82 137
  77  32  43  35  88  64  54  64  62  89 147 160  71  31  42 113
  70  30  77  39  97 114 130 130 117 111 145 163 113  33  30 106
  69  27  65  37  93 118 111 100  97 105 145 164 111  33  29  98
  96  33  51  37  81  59  43  43  47  76 145 153  64  34  30 102
 120  41  75  47  91 104 111 123 124 110 144 130  38  31  72 127
 147  92  34  33 100 111 121 110  97 106 148  75  30  32 111 153
 161 132  91  38  54  50  59  52  38  52  63  42  49  95 137 161
 157 158 138 115  84  61  45  35  51  57  63  91 114 140 162 162
 158 159 156 152 133 122 138 133 128 118 134 144 159 161 163 162
 130 128 133 141 145 143 131 135 142 149 158 155 138 145 151 159
 141 142 141 140 138 137 138 136 138 136 140 136 134 132 134 140
 140 140 141 131 117 115 106 118 121 110 112 127 137 135 136 140
 139 141 107  80  55  44  27  22  24  32  54  82 108 128 135 142
 141 105  57  15  36  22  45  43  37  31  35  22  39  92 129 141
 111  65  14  15  85  77  81  81  76  84 118  55  17  28  92 138
  93  19  29  15  82 109 108 103  83  83 118 100  19  19  57 114
  61  16  25  19  68  40  31  43  43  65 119 131  46  18  23  96
  54  17  60  27  78  89 103 102  92  86 116 139  90  18  20  87
  55  17  44  24  77  97  89  75  71  78 117 139  90  15  18  83
  73  17  31  19  61  38  25  21  22  48 115 128  39  14  17  85
  97  25  50  27  70  83  94 105 103  85 114 103  19  18  56 104
 122  77  18  17  76  89  99  89  74  79 122  50  18  21  91 128
 137 108  68  22  31  26  36  34  19  31  40  20  36  78 112 139
 134 134 114  94  63  43  27  21  37  41  50  73  97 118 134 139
 132 132 133 132 110 102 111 110 115 100 116 121 135 134 134 140
 111 105 112 121 126 123 110 112 120 128 133 131 113 122 128 139
 122 124 124 120 119 120 122 124 123 121 123 116 122 123 124 128
 121 125 125 114 105 104  96 107 109  96  96 107 124 121 123 127
 121 121  94  72  49  40  21  18  19  27  48  72  99 118 119 125
 122  91  48   9  31  21  41  39  30  23  23  14  32  81 116 127
  92  56  10  11  70  70  75  80  73  78 100  40   9  18  84 129
  84  16  34  10  68 101 102  95  77  71  99  82  10   9  54 102
  54  14  22  11  55  36  29  38  37  58 104 113  35   8  21  80
  48  15  55  22  68  85  91  95  87  74 103 121  75   9  13  81
  48  12  40  21  65  94  86  70  66  70 101 124  78   7  12  78
  67   9  27  14  47  35  18  18  20  40 100 116  33  11  10  81
  85  17  44  18  55  80  87  97  98  78 103  95  16  10  49  95
 111  73  11   9  64  81  92  75  69  71 107  44  17  12  84 116
 127  98  63  12  22  16  30  24  14  27  31  16  31  67 104 125
 121 119 103  84  59  37  21  13  31  38  45  68  85 103 118 123
 120 118 119 115 102  86 100 103 103  88 104 110 120 121 119 122
 102  94 102 107 114 113  95 101 104 111 123 116 101 110 117 124

