 146 145 145 148 159 162 161 162 161 161 159 159 161 159 158 163
 142 147 146 144 157 161 160 161 161 161 160 159 160 160 161 161
 144 144 145 143 156 162 161 161 160 159 158 160 160 158 160 158
 144 143 142 144 155 162 162 160 159 160 162 161 159 157 156 158
 148 145 142 143 153 160 161 161 158 157 160 159 158 158 159 158
 146 144 145 146 153 157 159 157 158 158 158 157 157 158 159 159
 148 145 145 146 153 159 160 158 158 158 158 157 158 157 156 158
 147 145 147 146 155 158 157 158 158 157 158 158 159 156 152 153
 148 147  86 127 155 130 113 144  63 154 124 104 104 128 155 154
 148 151  22 107 156  96  66 148  94 159  66  51  69 113 149 148
 147 148  19 105 150  92  69 141  43 155  58 109 145 146 145 148
 148 148  19  10  24  21  70 140  17 151  87  56  24  80 145 150
 146 148  18  93 144  85  73 152  18 149 155 147  90  35 143 152
 146 149  22 103 155  88  70 148  11 153  81  99  41  65 145 151
 144 148  84 124 154 115  97 144  69 147  96  81  99 146 146 146
 142 144 142 143 153 156 156 152 153 148 145 144 145 145 144 146
 135 137 138 139 149 152 152 153 152 152 154 150 149 148 150 152
 136 139 136 136 148 152 152 152 151 151 151 151 150 150 151 149
 137 136 134 135 147 150 152 150 151 151 151 151 150 150 150 148
 137 135 135 134 146 151 151 151 152 152 151 150 150 149 149 148
 140 135 135 135 146 151 151 151 151 150 150 150 149 149 148 148
 140 136 135 135 146 149 150 151 150 150 150 149 149 150 149 148
 141 137 137 137 146 150 150 149 149 150 149 148 149 149 148 148
 140 135 137 137 146 150 151 150 149 149 149 149 148 146 143 142
 140 137  76 119 145 119 107 135  53 148 114  95  93 120 145 144
 140 139  18 102 148  87  60 140  86 148  58  47  62 107 138 136
 140 138  17 100 141  82  66 132  37 144  53 103 134 135 135 136
 139 139  15  10  20  19  68 131  12 143  80  53  20  75 136 138
 137 139  14  93 138  77  70 143  14 142 145 138  81  33 138 144
 137 138  15  99 147  80  65 139   8 145  69  89  34  64 136 141
 134 136  73 116 145 106  93 137  65 140  89  76  92 134 137 136
 135 135 135 135 143 149 147 142 144 137 136 135 136 136 137 135
 131 130 130 133 143 145 147 149 147 148 146 143 145 142 145 147
 131 130 128 128 143 146 149 148 144 147 147 146 147 145 147 148
 132 129 127 127 143 143 146 143 144 146 147 145 146 143 145 144
 131 127 130 130 143 148 149 146 148 148 146 148 147 144 145 143
 136 129 129 130 139 146 145 144 142 145 145 143 143 143 144 143
 135 129 128 129 141 146 146 144 143 144 145 142 143 145 147 146
 136 128 130 129 139 144 145 144 146 142 145 144 145 147 144 145
 135 128 131 128 141 141 144 144 142 145 144 141 144 144 139 138
 137 128  70 114 140 118 105 131  54 144 112  93  90 116 142 141
 134 130  17  97 141  86  62 137  85 146  59  45  65 105 134 130
 134 129  16  98 137  80  66 126  36 141  54 101 128 130 131 133
 133 133  15  10  20  19  68 126  16 139  79  52  21  74 131 134
 129 130  14  89 132  77  71 140  14 136 136 131  82  33 128 137
 131 133  16  97 138  78  66 136  10 140  69  85  32  61 128 137
 130 128  71 112 138 104  91 131  67 135  89  76  90 132 130 129
 128 129 128 127 136 143 141 136 137 131 130 127 130 131 130 131

 163 161 158 158 158 159 158 153 154 148 148 150 152 151 146 146
 158 161 160 156 159 159 156 152 155 149 145 145 143 145 146 144
 159 160 158 157 158 158 157 156 128 113 146  80  35  65 146 145
 161 160 160 159 158 157 158 159 104  69 145  24  90  41  99 145
 159 159 160 161 159 157 157 158 104  51 109  56 147  99  81 144
 159 160 158 162 160 158 158 158 124  66  58  87 155  81  96 145
 161 161 159 160 157 158 158 157 154 159 155 151 149 153 147 148
 161 161 160 159 158 158 158 158  63  94  43  17  18  11  69 153
 162 161 161 160 161 157 158 158 144 148 141 140 152 148 144 152
 161 160 161 162 161 159 160 157 113  66  69  70  73  70  97 156
 162 161 162 162 160 157 159 158 130  96  92  21  85  88 115 156
 159 157 156 155 153 153 153 155 155 156 150  24 144 155 154 153
 148 144 143 144 143 146 146 146 127 107 105  10  93 103 124 143
 145 146 145 142 142 145 145 147  86  22  19  19  18  22  84 142
 145 147 144 143 145 144 145 145 147 151 148 148 148 149 148 144
 146 142 144 144 148 146 148 147 148 148 147 148 146 146 144 142
 152 149 148 148 148 148 148 142 144 136 136 138 144 141 136 135
 150 151 150 149 148 149 148 143 145 138 135 136 138 136 137 137
 148 150 150 149 149 150 149 146 120 107 135  75  33  64 134 136
 149 150 150 150 149 149 149 148  93  62 134  20  81  34  92 136
 150 151 151 150 150 149 148 149  95  47 103  53 138  89  76 135
 154 151 151 151 150 150 149 149 114  58  53  80 145  69  89 136
 152 151 151 152 150 150 150 149 148 148 144 143 142 145 140 137
 152 151 151 152 151 150 149 149  53  86  37  12  14   8  65 144
 153 152 150 151 151 151 149 150 135 140 132 131 143 139 137 142
 152 152 152 151 151 150 150 151 107  60  66  68  70  65  93 147
 152 152 150 151 151 149 150 150 119  87  82  19  77  80 106 149
 149 148 147 146 146 146 146 146 145 148 141  20 138 147 145 143
 139 136 135 134 135 135 137 137 119 102 100  10  93  99 116 135
 138 136 134 135 135 135 137 137  76  18  17  15  14  15  73 135
 137 139 136 135 135 136 137 135 137 139 138 139 139 138 136 135
 135 136 137 137 140 140 141 140 140 140 140 139 137 137 134 135
 147 148 144 143 143 146 145 138 141 130 133 134 137 137 129 131
 145 147 145 145 144 147 144 139 142 134 131 131 128 128 130 130
 142 145 143 144 143 145 147 144 116 105 130  74  33  61 132 131
 145 147 146 147 143 143 145 144  90  65 128  21  82  32  90 130
 143 146 145 148 143 142 144 141  93  45 101  52 131  85  76 127
 146 147 147 146 145 145 145 144 112  59  54  79 136  69  89 130
 148 147 146 148 145 144 142 145 144 146 141 139 136 140 135 131
 147 144 144 148 142 143 146 142  54  85  36  16  14  10  67 137
 149 148 143 146 144 144 144 144 131 137 126 126 140 136 131 136
 147 149 146 149 145 146 145 144 105  62  66  68  71  66  91 141
 145 146 143 148 146 146 144 141 118  86  80  19  77  78 104 143
 143 143 143 143 139 141 139 141 140 141 137  20 132 138 138 136
 133 128 127 130 130 129 129 128 114  97  98  10  89  97 112 127
 130 128 127 130 129 128 130 131  70  17  16  15  14  16  71 128
 130 130 129 127 129 129 128 128 128 130 129 133 130 133 128 129
 131 131 132 131 136 135 136 135 137 134 134 133 129 131 130 128

 146 144 145 145 144 145 148 153 152 156 156 153 143 142 144 142
 146 146 146  99  81  96 147  69 144  97 115 154 124  84 148 144
 151 145  65  41  99  81 153  11 148  70  88 155 103  22 149 146
 152 143  35  90 147 155 149  18 152  73  85 144  93  18 148 146
 150 145  80  24  56  87 151  17 140  70  21  24  10  19 148 148
 148 145 146 145 109  58 155  43 141  69  92 150 105  19 148 147
 148 149 113  69  51  66 159  94 148  66  96 156 107  22 151 148
 154 155 128 104 104 124 154  63 144 113 130 155 127  86 147 148
 153 152 156 159 158 158 157 158 158 157 158 155 146 147 145 147
 158 156 157 158 157 158 158 158 158 160 159 153 146 145 145 148
 159 159 158 157 157 158 158 158 157 159 157 153 146 145 144 146
 158 159 158 158 159 160 157 158 161 161 160 153 143 142 145 148
 158 156 157 159 161 162 160 159 160 162 162 155 144 142 143 144
 158 160 158 160 160 158 159 160 161 161 162 156 143 145 144 144
 161 161 160 160 159 160 161 161 161 160 161 157 144 146 147 142
 163 158 159 161 159 159 161 161 162 161 162 159 148 145 145 146
 135 137 136 136 135 136 137 144 142 147 149 143 135 135 135 135
 136 137 134  92  76  89 140  65 137  93 106 145 116  73 136 134
 141 136  64  34  89  69 145   8 139  65  80 147  99  15 138 137
 144 138  33  81 138 145 142  14 143  70  77 138  93  14 139 137
 138 136  75  20  53  80 143  12 131  68  19  20  10  15 139 139
 136 135 135 134 103  53 144  37 132  66  82 141 100  17 138 140
 136 138 107  62  47  58 148  86 140  60  87 148 102  18 139 140
 144 145 120  93  95 114 148  53 135 107 119 145 119  76 137 140
 142 143 146 148 149 149 149 149 150 151 150 146 137 137 135 140
 148 148 149 149 148 149 150 149 149 150 150 146 137 137 137 141
 148 149 150 149 149 150 150 150 151 150 149 146 135 135 136 140
 148 148 149 149 150 150 150 151 151 151 151 146 135 135 135 140
 148 149 149 150 150 151 152 152 151 151 151 146 134 135 135 137
 148 150 150 150 151 151 151 151 150 152 150 147 135 134 136 137
 149 151 150 150 151 151 151 151 152 152 152 148 136 136 139 136
 152 150 148 149 150 154 152 152 153 152 152 149 139 138 137 135
 131 130 131 130 127 130 131 137 136 141 143 136 127 128 129 128
 129 130 132  90  76  89 135  67 131  91 104 138 112  71 128 130
 137 128  61  32  85  69 140  10 136  66  78 138  97  16 133 131
 137 128  33  82 131 136 136  14 140  71  77 132  89  14 130 129
 134 131  74  21  52  79 139  16 126  68  19  20  10  15 133 133
 133 131 130 128 101  54 141  36 126  66  80 137  98  16 129 134
 130 134 105  65  45  59 146  85 137  62  86 141  97  17 130 134
 141 142 116  90  93 112 144  54 131 105 118 140 114  70 128 137
 138 139 144 144 141 144 145 142 144 144 141 141 128 131 128 135
 145 144 147 145 144 145 142 146 144 145 144 139 129 130 128 136
 146 147 145 143 142 145 144 143 144 146 146 141 129 128 129 135
 143 144 143 143 143 145 145 142 144 145 146 139 130 129 129 136
 143 145 144 147 148 146 148 148 146 149 148 143 130 130 127 131
 144 145 143 146 145 147 146 144 143 146 143 143 127 127 129 132
 148 147 145 147 146 147 147 144 148 149 146 143 128 128 130 131
 147 145 142 145 143 146 148 147 149 147 145 143 133 130 130 131

 142 144 146 146 148 147 148 148 147 148 146 148 144 144 142 146
 144 148 149 148 148 148 151 147 145 145 144 145 143 144 147 145
 142  84  22  18  19  19  22  86 147 145 145 142 142 145 146 145
 143 124 103  93  10 105 107 127 146 146 146 143 144 143 144 148
 153 154 155 144  24 150 156 155 155 153 153 153 155 156 157 159
 156 115  88  85  21  92  96 130 158 159 157 160 162 162 161 162
 156  97  70  73  70  69  66 113 157 160 159 161 162 161 160 161
 152 144 148 152 140 141 148 144 158 158 157 161 160 161 161 162
 153  69  11  18  17  43  94  63 158 158 158 158 159 160 161 161
 148 147 153 149 151 155 159 154 157 158 158 157 160 159 161 161
 145  96  81 155  87  58  66 124 158 158 158 160 162 158 160 159
 144  81  99 147  56 109  51 104 158 157 157 159 161 160 159 159
 145  99  41  90  24 145  69 104 159 158 157 158 159 160 160 161
 145 146  65  35  80 146 113 128 156 157 158 158 157 158 160 159
 144 146 145 143 145 145 149 155 152 156 159 159 156 160 161 158
 146 146 151 152 150 148 148 154 153 158 159 158 158 158 161 163
 135 134 137 137 139 140 140 140 140 141 140 140 137 137 136 135
 135 136 138 139 139 138 139 137 135 137 136 135 135 136 139 137
 135  73  15  14  15  17  18  76 137 137 135 135 135 134 136 138
 135 116  99  93  10 100 102 119 137 137 135 135 134 135 136 139
 143 145 147 138  20 141 148 145 146 146 146 146 146 147 148 149
 149 106  80  77  19  82  87 119 150 150 149 151 151 150 152 152
 147  93  65  70  68  66  60 107 151 150 150 151 151 152 152 152
 142 137 139 143 131 132 140 135 150 149 151 151 151 150 152 153
 144  65   8  14  12  37  86  53 149 149 150 151 152 151 151 152
 137 140 145 142 143 144 148 148 149 150 150 150 152 151 151 152
 136  89  69 145  80  53  58 114 149 149 150 150 151 151 151 154
 135  76  89 138  53 103  47  95 149 148 149 150 150 151 151 150
 136  92  34  81  20 134  62  93 148 149 149 149 150 150 150 149
 136 134  64  33  75 135 107 120 146 149 150 149 149 150 150 148
 137 137 136 138 136 135 138 145 143 148 149 148 149 150 151 150
 135 136 141 144 138 136 136 144 142 148 148 148 148 148 149 152
 128 130 131 129 133 134 134 137 135 136 135 136 131 132 131 131
 129 128 133 130 133 129 130 128 128 128 129 129 127 129 130 130
 128  71  16  14  15  16  17  70 131 130 128 129 130 127 128 130
 127 112  97  89  10  98  97 114 128 129 129 130 130 127 128 133
 136 138 138 132  20 137 141 140 141 139 141 139 143 143 143 143
 143 104  78  77  19  80  86 118 141 144 146 146 148 143 146 145
 141  91  66  71  68  66  62 105 144 145 146 145 149 146 149 147
 136 131 136 140 126 126 137 131 144 144 144 144 146 143 148 149
 137  67  10  14  16  36  85  54 142 146 143 142 148 144 144 147
 131 135 140 136 139 141 146 144 145 142 144 145 148 146 147 148
 130  89  69 136  79  54  59 112 144 145 145 145 146 147 147 146
 127  76  85 131  52 101  45  93 141 144 142 143 148 145 146 143
 130  90  32  82  21 128  65  90 144 145 143 143 147 146 147 145
 131 132  61  33  74 130 105 116 144 147 145 143 144 143 145 142
 130 130 128 128 131 131 134 142 139 144 147 144 145 145 147 145
 131 129 137 137 134 133 130 141 138 145 146 143 143 144 148 147

