 144 141 141 140 142 143 143 142 145 144 141 143 144 143 144 145
 144 143 140 141 142 143 144 143 145 145 143 145 145 145 146 146
 147 143 142 142 143 144 143 142 143 143 143 145 144 144 146 146
 142 143 143 143 142 143 143 142 143 146 144 143 146 145 144 144
 142 142 144 144 145 145 145 142 140 143 143 144 146 147 146 146
 142 144 145 146 145 144 144 144 142 145 145 145 143 145 149 146
 139 145 145 146 146 145 145 145 146 146 144 143 145 145 148 146
 143 144 144 147 148 145 145 146 148 147 146 143 146 145 144 143
 143 145  95 125 145 147 147 149 147 146 107  43 144 144 145 144
 144 145  42 103 146 147 148 148 149 147 119  42 148 144 147 146
 143 145  48 105 147 149  59  44  26 121 117  19  37  18  95 144
 133 144  42 107 145 147 129 124  53  70 115  14 142  95  41 145
 135 144  41  81 146 149  45  73  50  75 119  22 145  96  41 145
 138 143  41  44  74 114  13 124  55  70 121  14  60  35  69 147
 143 147 107  87  79 119 104  76 108 106 141 121 115  98 140 147
 147 153 152 147 142 147 148 148 131 134 136 136 137 137 138 140
 140 137 138 137 140 140 139 140 140 140 138 139 138 139 140 140
 141 138 137 139 139 140 139 140 139 140 140 140 139 139 139 140
 143 139 140 138 138 138 138 138 139 139 138 140 140 139 139 141
 141 139 140 140 139 139 139 140 139 140 140 140 141 140 140 141
 139 140 140 141 140 141 138 140 139 141 138 140 142 141 142 141
 140 140 140 141 141 140 139 140 141 141 140 142 142 141 140 139
 138 139 141 141 140 141 141 140 140 141 142 140 140 140 140 140
 140 140 141 143 142 142 142 143 141 141 141 139 141 141 141 140
 142 141  90 120 142 142 143 143 144 143 102  38 139 141 141 139
 142 141  39  99 141 141 142 142 146 144 112  37 143 141 139 138
 140 140  43 102 142 143  52  40  21 116 109  16  33  14  91 140
 130 139  38 106 140 142 125 121  50  70 111  10 139  85  39 140
 134 141  36  80 142 142  36  67  49  76 114  19 142  90  35 140
 136 141  36  41  66 107   7 118  49  70 111  10  57  34  68 141
 139 141 101  84  78 115 102  74 109 105 133 118 112  99 140 141
 142 146 145 141 138 140 143 144 125 129 128 131 131 130 131 129
 138 135 135 136 137 136 138 137 136 137 136 136 129 135 136 134
 139 135 135 138 137 135 135 135 136 136 134 134 135 135 134 134
 140 137 138 137 136 135 133 132 135 133 133 134 135 134 135 135
 136 137 137 136 136 138 136 137 136 138 135 135 134 136 135 137
 136 132 136 137 134 138 136 135 134 138 135 136 137 136 137 133
 138 137 138 138 138 133 136 138 136 135 133 136 133 134 135 134
 136 135 135 138 138 137 137 135 135 134 135 135 135 136 138 134
 138 136 136 137 136 136 138 138 135 134 139 133 132 135 135 135
 139 139  86 117 135 136 137 138 138 137 100  37 136 136 136 137
 141 139  40  98 135 138 139 137 140 137 107  40 140 137 138 137
 137 137  43 103 138 140  53  43  22 115 106  17  34  14  87 132
 127 136  41 107 137 140 125 120  49  70 107  10 136  81  38 135
 133 135  38  77 138 141  39  68  49  75 110  17 137  85  40 136
 135 136  38  41  67 109   9 115  50  74 113  13  56  30  70 136
 138 137 100  85  78 115 102  74 107 104 132 117 111  97 137 139
 142 142 139 137 135 140 141 139 121 124 124 123 126 127 126 124

 145 146 146 144 146 146 146 143 144 146 144 145 145 147 147 140
 144 146 146 144 146 149 148 144 145 147  95  41  41  69 140 138
 143 145 144 145 147 145 145 145 144 144  18  95  96  35  98 137
 144 145 144 146 146 143 145 146 144 148  37 142 145  60 115 137
 143 145 145 143 144 145 143 143  43  42  19  14  22  14 121 136
 141 143 143 144 143 145 144 146 107 119 117 115 119 121 141 136
 144 145 143 146 143 145 146 147 146 147 121  70  75  70 106 134
 145 145 143 143 140 142 146 148 147 149  26  53  50  55 108 131
 142 143 142 142 142 144 145 146 149 148  44 124  73 124  76 148
 143 144 143 143 145 144 145 145 147 148  59 129  45  13 104 148
 143 143 144 143 145 144 145 145 147 147 149 147 149 114 119 147
 142 142 143 142 145 145 146 148 145 146 147 145 146  74  79 142
 140 141 142 143 144 146 146 147 125 103 105 107  81  44  87 147
 141 140 142 143 144 145 145 144  95  42  48  42  41  41 107 152
 141 143 143 143 142 144 145 144 145 145 145 144 144 143 147 153
 144 144 147 142 142 142 139 143 143 144 143 133 135 138 143 147
 140 140 141 141 141 139 140 140 139 138 140 140 140 141 141 129
 140 139 139 140 142 140 140 141 141 139  91  39  35  68 140 131
 139 139 139 140 141 141 140 141 141 141  14  85  90  34  99 130
 138 139 140 141 142 142 140 141 139 143  33 139 142  57 112 131
 139 140 140 140 140 142 140 139  38  37  16  10  19  10 118 131
 138 140 138 140 138 140 142 141 102 112 109 111 114 111 133 128
 140 140 139 140 141 141 141 141 143 144 116  70  76  70 105 129
 140 139 139 139 139 141 140 141 144 146  21  50  49  49 109 125
 140 140 138 140 140 140 140 143 143 142  40 121  67 118  74 144
 139 139 138 139 138 139 141 142 143 142  52 125  36   7 102 143
 140 140 138 139 141 140 141 142 142 141 143 142 142 107 115 140
 140 139 138 139 140 141 140 142 142 141 142 140 142  66  78 138
 137 139 138 140 141 141 141 143 120  99 102 106  80  41  84 141
 138 137 140 140 140 140 141 141  90  39  43  38  36  36 101 145
 137 138 139 139 140 140 139 140 141 141 140 139 141 141 141 146
 140 141 143 141 139 140 138 140 142 142 140 130 134 136 139 142
 134 134 135 137 133 134 134 135 137 137 132 135 136 136 139 124
 136 134 135 135 137 135 138 135 136 138  87  38  40  70 137 126
 135 135 134 136 136 134 136 135 136 137  14  81  85  30  97 127
 129 135 135 134 137 133 135 132 136 140  34 136 137  56 111 126
 136 134 134 135 136 136 135 133  37  40  17  10  17  13 117 123
 136 134 133 135 135 133 135 139 100 107 106 107 110 113 132 124
 137 136 133 138 138 135 134 134 137 137 115  70  75  74 104 124
 136 136 135 136 134 136 135 135 138 140  22  49  49  50 107 121
 137 135 132 137 135 138 135 138 138 137  43 120  68 115  74 139
 138 135 133 136 136 136 137 138 137 139  53 125  39   9 102 141
 136 135 135 138 138 133 137 136 136 138 140 140 141 109 115 140
 137 137 136 136 134 138 138 136 135 135 138 137 138  67  78 135
 136 138 137 136 137 138 138 137 117  98 103 107  77  41  85 137
 135 135 138 137 136 138 135 136  86  40  43  41  38  38 100 139
 135 135 137 137 132 137 135 136 139 139 137 136 135 136 137 142
 138 139 140 136 136 138 136 138 139 141 137 127 133 135 138 142

 140 138 137 137 136 136 134 131 148 148 147 142 147 152 153 147
 147 140  98 115 121 141 106 108  76 104 119  79  87 107 147 143
 147  69  35  60  14 121  70  55 124  13 114  74  44  41 143 138
 145  41  96 145  22 119  75  50  73  45 149 146  81  41 144 135
 145  41  95 142  14 115  70  53 124 129 147 145 107  42 144 133
 144  95  18  37  19 117 121  26  44  59 149 147 105  48 145 143
 146 147 144 148  42 119 147 149 148 148 147 146 103  42 145 144
 144 145 144 144  43 107 146 147 149 147 147 145 125  95 145 143
 143 144 145 146 143 146 147 148 146 145 145 148 147 144 144 143
 146 148 145 145 143 144 146 146 145 145 145 146 146 145 145 139
 146 149 145 143 145 145 145 142 144 144 144 145 146 145 144 142
 146 146 147 146 144 143 143 140 142 145 145 145 144 144 142 142
 144 144 145 146 143 144 146 143 142 143 143 142 143 143 143 142
 146 146 144 144 145 143 143 143 142 143 144 143 142 142 143 147
 146 146 145 145 145 143 145 145 143 144 143 142 141 140 143 144
 145 144 143 144 143 141 144 145 142 143 143 142 140 141 141 144
 129 131 130 131 131 128 129 125 144 143 140 138 141 145 146 142
 141 140  99 112 118 133 105 109  74 102 115  78  84 101 141 139
 141  68  34  57  10 111  70  49 118   7 107  66  41  36 141 136
 140  35  90 142  19 114  76  49  67  36 142 142  80  36 141 134
 140  39  85 139  10 111  70  50 121 125 142 140 106  38 139 130
 140  91  14  33  16 109 116  21  40  52 143 142 102  43 140 140
 138 139 141 143  37 112 144 146 142 142 141 141  99  39 141 142
 139 141 141 139  38 102 143 144 143 143 142 142 120  90 141 142
 140 141 141 141 139 141 141 141 143 142 142 142 143 141 140 140
 140 140 140 140 140 142 141 140 140 141 141 140 141 141 139 138
 139 140 141 142 142 140 141 141 140 139 140 141 141 140 140 140
 141 142 141 142 140 138 141 139 140 138 141 140 141 140 140 139
 141 140 140 141 140 140 140 139 140 139 139 139 140 140 139 141
 141 139 139 140 140 138 139 139 138 138 138 138 138 140 139 143
 140 139 139 139 140 140 140 139 140 139 140 139 139 137 138 141
 140 140 139 138 139 138 140 140 140 139 140 140 137 138 137 140
 124 126 127 126 123 124 124 121 139 141 140 135 137 139 142 142
 139 137  97 111 117 132 104 107  74 102 115  78  85 100 137 138
 136  70  30  56  13 113  74  50 115   9 109  67  41  38 136 135
 136  40  85 137  17 110  75  49  68  39 141 138  77  38 135 133
 135  38  81 136  10 107  70  49 120 125 140 137 107  41 136 127
 132  87  14  34  17 106 115  22  43  53 140 138 103  43 137 137
 137 138 137 140  40 107 137 140 137 139 138 135  98  40 139 141
 137 136 136 136  37 100 137 138 138 137 136 135 117  86 139 139
 135 135 135 132 133 139 134 135 138 138 136 136 137 136 136 138
 134 138 136 135 135 135 134 135 135 137 137 138 138 135 135 136
 134 135 134 133 136 133 135 136 138 136 133 138 138 138 137 138
 133 137 136 137 136 135 138 134 135 136 138 134 137 136 132 136
 137 135 136 134 135 135 138 136 137 136 138 136 136 137 137 136
 135 135 134 135 134 133 133 135 132 133 135 136 137 138 137 140
 134 134 135 135 134 134 136 136 135 135 135 137 138 135 135 139
 134 136 135 129 136 136 137 136 137 138 136 137 136 135 135 138

 147 143 138 135 133 143 144 143 143 139 142 142 142 147 144 144
 153 147 143 144 144 145 145 145 144 145 144 142 143 143 143 141
 152 107  41  41  42  48  42  95 144 145 145 144 143 142 140 141
 147  87  44  81 107 105 103 125 147 146 146 144 143 142 141 140
 142  79  74 146 145 147 146 145 148 146 145 145 142 143 142 142
 147 119 114 149 147 149 147 147 145 145 144 145 143 144 143 143
 148 104  13  45 129  59 148 147 145 145 144 145 143 143 144 143
 148  76 124  73 124  44 148 149 146 145 144 142 142 142 143 142
 131 108  55  50  53  26 149 147 148 146 142 140 143 143 145 145
 134 106  70  75  70 121 147 146 147 146 145 143 146 143 145 144
 136 141 121 119 115 117 119 107 146 144 145 143 144 143 143 141
 136 121  14  22  14  19  42  43 143 143 145 144 143 145 145 143
 137 115  60 145 142  37 148 144 146 145 143 146 146 144 145 144
 137  98  35  96  95  18 144 144 145 145 145 147 145 144 145 143
 138 140  69  41  41  95 147 145 144 148 149 146 144 146 146 144
 140 147 147 145 145 144 146 144 143 146 146 146 144 146 146 145
 142 139 136 134 130 140 142 142 140 138 140 139 141 143 141 140
 146 141 141 141 139 140 141 141 140 139 140 140 139 139 138 137
 145 101  36  36  38  43  39  90 141 141 140 140 140 140 137 138
 141  84  41  80 106 102  99 120 143 141 141 141 140 138 139 137
 138  78  66 142 140 142 141 142 142 140 141 140 139 138 139 140
 140 115 107 142 142 143 141 142 142 141 140 141 139 138 140 140
 143 102   7  36 125  52 142 143 142 141 139 138 139 138 139 139
 144  74 118  67 121  40 142 143 143 140 140 140 140 138 140 140
 125 109  49  49  50  21 146 144 141 140 141 139 139 139 139 140
 129 105  70  76  70 116 144 143 141 141 141 141 140 139 140 140
 128 133 111 114 111 109 112 102 141 142 140 138 140 138 140 138
 131 118  10  19  10  16  37  38 139 140 142 140 140 140 140 139
 131 112  57 142 139  33 143 139 141 140 142 142 141 140 139 138
 130  99  34  90  85  14 141 141 141 140 141 141 140 139 139 139
 131 140  68  35  39  91 139 141 141 140 140 142 140 139 139 140
 129 141 141 140 140 140 138 139 140 140 139 141 141 141 140 140
 142 138 135 133 127 137 141 139 138 136 138 136 136 140 139 138
 142 137 136 135 136 137 139 139 136 135 137 132 137 137 135 135
 139 100  38  38  41  43  40  86 136 135 138 136 137 138 135 135
 137  85  41  77 107 103  98 117 137 138 138 137 136 137 138 136
 135  78  67 138 137 138 135 135 136 138 138 134 136 136 137 137
 140 115 109 141 140 140 138 136 136 137 133 138 138 135 135 136
 141 102   9  39 125  53 139 137 138 137 136 136 136 133 135 138
 139  74 115  68 120  43 137 138 138 135 138 135 137 132 135 137
 121 107  50  49  49  22 140 138 135 135 136 134 136 135 136 136
 124 104  74  75  70 115 137 137 134 134 135 138 138 133 136 137
 124 132 113 110 107 106 107 100 139 135 133 135 135 133 134 136
 123 117  13  17  10  17  40  37 133 135 136 136 135 134 134 136
 126 111  56 137 136  34 140 136 132 135 133 137 134 135 135 129
 127  97  30  85  81  14 137 136 135 136 134 136 136 134 135 135
 126 137  70  40  38  87 138 136 135 138 135 137 135 135 134 136
 124 139 136 136 135 132 137 137 135 134 134 133 137 135 134 134

