 197 205 201 197 196 185 197 195 182 188 191 190 193 197 192 191
 182 185 188 193 186 175 180 181 186 182 188 191 185 180 192 186
 190 192 185 194 191 186 185 181 187 173 179 189 181 181 184 194
 196 195 185 146 119 134 183 183 195 189 174 109 134 184 189 190
 195 193 191 136  49  74 180 181 182 191  89  32 155 190 188 187
 199 196 195 185  41  46 177 187 185 176  51  54 180 188 188 181
 202 199 199 199  80  43 145 191 190 139  33  87 184 197 178 181
 201 196 193 194 126  39  93 197 196  80  40 146 179 181 173 190
 203 197 201 194 171  32  57 193 193  56  41 187 189 182 184 192
 189 200 201 192 198  74  35 146 143  34  99 189 183 182 187 186
 195 189 195 194 191 127  31  99 109  43 157 190 184 186 190 190
 191 204 197 193 191 179  33  57  54  49 194 191 188 179 185 188
 193 198 195 196 196 199  77  39  38 108 202 193 184 186 181 187
 204 198 191 202 206 201 164  90  89 162 194 182 184 194 185 183
 203 201 193 193 198 197 189 200 189 189 191 196 191 190 187 178
 210 212 205 196 209 211 201 198 203 193 197 194 189 187 191 198
 193 199 195 189 191 191 195 194 192 189 184 188 194 188 192 186
 195 194 193 191 191 190 192 190 185 189 190 186 190 187 186 187
 198 194 192 190 190 190 189 190 189 189 187 189 188 190 188 186
 199 193 192 142 109 144 188 189 192 191 158 100 147 191 192 189
 195 192 194 131  37  77 187 190 188 189  80  34 155 188 187 186
 192 193 192 177  35  40 179 190 193 175  44  52 190 188 190 190
 197 194 193 190  75  37 143 190 190 132  41  97 189 189 188 187
 195 195 194 191 123  38  84 189 188  81  38 146 185 188 189 186
 191 193 193 193 176  39  50 187 183  38  45 189 189 188 186 189
 198 193 193 195 195  71  33 152 143  38 106 189 192 190 190 189
 195 193 193 191 193 130  36 100 102  38 159 192 191 192 190 189
 193 194 193 192 190 175  36  47  54  54 193 191 192 190 189 189
 195 195 195 195 194 195  72  39  39 103 189 189 191 190 191 188
 200 198 196 194 195 193 152  90  86 162 190 188 190 186 189 189
 201 195 198 196 196 192 192 195 191 192 192 191 191 191 188 188
 201 197 198 195 198 193 194 196 196 192 193 192 195 194 189 190
 202 201 200 194 197 198 195 198 198 193 187 190 201 196 198 198
 191 190 199 197 193 189 191 192 195 192 195 197 200 197 194 188
 201 197 199 199 194 196 190 189 193 196 192 195 196 196 191 192
 197 191 198 155 122 153 189 189 193 192 166 109 154 198 199 192
 204 198 194 132  44  84 190 188 193 200  93  52 164 191 186 187
 195 197 195 185  43  43 183 193 199 186  56  66 193 191 194 196
 194 193 188 196  78  46 149 202 198 138  40 106 193 193 195 199
 203 190 189 196 127  38  86 196 194  91  49 157 193 201 194 195
 196 193 191 190 177  43  53 193 191  46  51 200 195 195 193 201
 202 203 199 194 197  81  37 158 146  50 116 199 195 195 188 191
 203 191 198 196 193 129  42 105 104  48 164 194 193 196 190 188
 201 196 194 195 197 185  48  58  56  57 193 191 198 193 191 192
 200 198 197 192 191 197  77  41  35 102 198 194 198 196 195 194
 201 195 193 197 199 194 157  94  86 165 195 192 197 194 195 199
 200 195 195 195 196 202 197 194 190 192 192 194 191 194 189 196
 201 195 198 199 204 202 197 196 198 189 190 189 193 198 193 201

 191 186 194 190 187 181 181 190 192 186 190 188 187 183 178 198
 192 192 184 189 188 188 178 173 184 187 190 185 181 185 187 191
 197 180 181 184 190 188 197 181 182 182 186 179 186 194 190 187
 193 185 181 134 155 180 184 179 189 183 184 188 184 184 191 189
 190 191 189 109  32  54  87 146 187 189 190 191 193 182 196 194
 191 188 179 174  89  51  33  40  41  99 157 194 202 194 191 197
 188 182 173 189 191 176 139  80  56  34  43  49 108 162 189 193
 182 186 187 195 182 185 190 196 193 143 109  54  38  89 189 203
 195 181 181 183 181 187 191 197 193 146  99  57  39  90 200 198
 197 180 185 183 180 177 145  93  57  35  31  33  77 164 189 201
 185 175 186 134  74  46  43  39  32  74 127 179 199 201 197 211
 196 186 191 119  49  41  80 126 171 198 191 191 196 206 198 209
 197 193 194 146 136 185 199 194 194 192 194 193 196 202 193 196
 201 188 185 185 191 195 199 193 201 201 195 197 195 191 193 205
 205 185 192 195 193 196 199 196 197 200 189 204 198 198 201 212
 197 182 190 196 195 199 202 201 203 189 195 191 193 204 203 210
 186 187 186 189 186 190 187 186 189 189 189 189 188 189 188 190
 192 186 188 192 187 190 188 189 186 190 190 189 191 189 188 189
 188 187 190 191 188 188 189 188 188 190 192 190 190 186 191 194
 194 190 188 147 155 190 189 185 189 192 191 192 191 190 191 195
 188 186 189 100  34  52  97 146 189 189 192 191 189 188 191 192
 184 190 187 158  80  44  41  38  45 106 159 193 189 190 192 193
 189 189 189 191 189 175 132  81  38  38  38  54 103 162 192 192
 192 185 189 192 188 193 190 188 183 143 102  54  39  86 191 196
 194 190 190 189 190 190 190 189 187 152 100  47  39  90 195 196
 195 192 189 188 187 179 143  84  50  33  36  36  72 152 192 194
 191 190 190 144  77  40  37  38  39  71 130 175 195 193 192 193
 191 191 190 109  37  35  75 123 176 195 193 190 194 195 196 198
 189 191 190 142 131 177 190 191 193 195 191 192 195 194 196 195
 195 193 192 192 194 192 193 194 193 193 193 193 195 196 198 198
 199 194 194 193 192 193 194 195 193 193 193 194 195 198 195 197
 193 195 198 199 195 192 197 195 191 198 195 193 195 200 201 201
 198 188 192 192 187 196 199 195 201 191 188 192 194 199 196 201
 198 194 191 199 186 194 195 194 193 188 190 191 195 195 189 193
 196 197 196 198 191 191 193 201 195 195 196 193 196 194 194 198
 201 200 196 154 164 193 193 193 195 195 193 198 198 197 191 193
 190 197 195 109  52  66 106 157 200 199 194 191 194 192 194 189
 187 195 192 166  93  56  40  49  51 116 164 193 198 195 192 190
 193 192 196 192 200 186 138  91  46  50  48  57 102 165 192 189
 198 195 193 193 193 199 198 194 191 146 104  56  35  86 190 198
 198 192 189 189 188 193 202 196 193 158 105  58  41  94 194 196
 195 191 190 189 190 183 149  86  53  37  42  48  77 157 197 197
 198 189 196 153  84  43  46  38  43  81 129 185 197 194 202 202
 197 193 194 122  44  43  78 127 177 197 193 197 191 199 196 204
 194 197 199 155 132 185 196 196 190 194 196 195 192 197 195 199
 200 199 199 198 194 195 188 189 191 199 198 194 197 193 195 198
 201 190 197 191 198 197 193 190 193 203 191 196 198 195 195 195
 202 191 201 197 204 195 194 203 196 202 203 201 200 201 200 201

 198 191 187 189 194 197 193 203 198 201 211 209 196 205 212 210
 178 187 190 191 196 191 189 189 200 189 197 198 193 193 201 203
 183 185 194 184 182 194 162  89  90 164 201 206 202 191 198 204
 187 181 186 184 193 202 108  38  39  77 199 196 196 195 198 193
 188 185 179 188 191 194  49  54  57  33 179 191 193 197 204 191
 190 190 186 184 190 157  43 109  99  31 127 191 194 195 189 195
 186 187 182 183 189  99  34 143 146  35  74 198 192 201 200 189
 192 184 182 189 187  41  56 193 193  57  32 171 194 201 197 203
 190 173 181 179 146  40  80 196 197  93  39 126 194 193 196 201
 181 178 197 184  87  33 139 190 191 145  43  80 199 199 199 202
 181 188 188 180  54  51 176 185 187 177  46  41 185 195 196 199
 187 188 190 155  32  89 191 182 181 180  74  49 136 191 193 195
 190 189 184 134 109 174 189 195 183 183 134 119 146 185 195 196
 194 184 181 181 189 179 173 187 181 185 186 191 194 185 192 190
 186 192 180 185 191 188 182 186 181 180 175 186 193 188 185 182
 191 192 197 193 190 191 188 182 195 197 185 196 197 201 205 197
 190 189 194 195 192 193 192 196 196 194 193 198 195 198 197 201
 188 188 191 191 191 192 192 191 195 192 192 196 196 198 195 201
 189 189 186 190 188 190 162  86  90 152 193 195 194 196 198 200
 188 191 190 191 189 189 103  39  39  72 195 194 195 195 195 195
 189 189 190 192 191 193  54  54  47  36 175 190 192 193 194 193
 189 190 192 191 192 159  38 102 100  36 130 193 191 193 193 195
 189 190 190 192 189 106  38 143 152  33  71 195 195 193 193 198
 189 186 188 189 189  45  38 183 187  50  39 176 193 193 193 191
 186 189 188 185 146  38  81 188 189  84  38 123 191 194 195 195
 187 188 189 189  97  41 132 190 190 143  37  75 190 193 194 197
 190 190 188 190  52  44 175 193 190 179  40  35 177 192 193 192
 186 187 188 155  34  80 189 188 190 187  77  37 131 194 192 195
 189 192 191 147 100 158 191 192 189 188 144 109 142 192 193 199
 186 188 190 188 189 187 189 189 190 189 190 190 190 192 194 198
 187 186 187 190 186 190 189 185 190 192 190 191 191 193 194 195
 186 192 188 194 188 184 189 192 194 195 191 191 189 195 199 193
 201 193 198 193 189 190 189 198 196 197 202 204 199 198 195 201
 196 189 194 191 194 192 192 190 194 197 202 196 195 195 195 200
 199 195 194 197 192 195 165  86  94 157 194 199 197 193 195 201
 194 195 196 198 194 198 102  35  41  77 197 191 192 197 198 200
 192 191 193 198 191 193  57  56  58  48 185 197 195 194 196 201
 188 190 196 193 194 164  48 104 105  42 129 193 196 198 191 203
 191 188 195 195 199 116  50 146 158  37  81 197 194 199 203 202
 201 193 195 195 200  51  46 191 193  53  43 177 190 191 193 196
 195 194 201 193 157  49  91 194 196  86  38 127 196 189 190 203
 199 195 193 193 106  40 138 198 202 149  46  78 196 188 193 194
 196 194 191 193  66  56 186 199 193 183  43  43 185 195 197 195
 187 186 191 164  52  93 200 193 188 190  84  44 132 194 198 204
 192 199 198 154 109 166 192 193 189 189 153 122 155 198 191 197
 192 191 196 196 195 192 196 193 189 190 196 194 199 199 197 201
 188 194 197 200 197 195 192 195 192 191 189 193 197 199 190 191
 198 198 196 201 190 187 193 198 198 195 198 197 194 200 201 202

 210 203 204 193 191 195 189 203 201 202 199 195 196 190 182 197
 212 201 198 198 204 189 200 197 196 199 196 193 195 192 185 205
 205 193 191 195 197 195 201 201 193 199 195 191 185 185 188 201
 196 193 202 196 193 194 192 194 194 199 185 136 146 194 193 197
 209 198 206 196 191 191 198 171 126  80  41  49 119 191 186 196
 211 197 201 199 179 127  74  32  39  43  46  74 134 186 175 185
 201 189 164  77  33  31  35  57  93 145 177 180 183 185 180 197
 198 200  90  39  57  99 146 193 197 191 187 181 183 181 181 195
 203 189  89  38  54 109 143 193 196 190 185 182 195 187 186 182
 193 189 162 108  49  43  34  56  80 139 176 191 189 173 182 188
 197 191 194 202 194 157  99  41  40  33  51  89 174 179 188 191
 194 196 182 193 191 190 189 187 146  87  54  32 109 189 191 190
 189 191 184 184 188 184 183 189 179 184 180 155 134 181 185 193
 187 190 194 186 179 186 182 182 181 197 188 190 184 181 180 197
 191 187 185 181 185 190 187 184 173 178 188 188 189 184 192 192
 198 178 183 187 188 190 186 192 190 181 181 187 190 194 186 191
 201 201 200 195 193 195 198 191 195 197 192 195 199 198 195 193
 197 195 198 195 194 193 193 193 195 194 193 192 193 194 194 199
 198 198 196 195 193 193 193 193 194 193 192 194 192 192 193 195
 195 196 194 195 192 191 195 193 191 190 177 131 142 190 191 189
 198 196 195 194 190 193 195 176 123  75  35  37 109 190 191 191
 193 192 193 195 175 130  71  39  38  37  40  77 144 190 190 191
 194 192 152  72  36  36  33  50  84 143 179 187 188 189 192 195
 196 195  90  39  47 100 152 187 189 190 190 190 189 190 190 194
 196 191  86  39  54 102 143 183 188 190 193 188 192 189 185 192
 192 192 162 103  54  38  38  38  81 132 175 189 191 189 189 189
 193 192 190 189 193 159 106  45  38  41  44  80 158 187 190 184
 192 191 188 189 191 192 189 189 146  97  52  34 100 189 186 188
 195 191 190 191 192 191 192 189 185 189 190 155 147 188 190 194
 194 191 186 190 190 192 190 188 188 189 188 188 191 190 187 188
 189 188 189 191 189 190 190 186 189 188 190 187 192 188 186 192
 190 188 189 188 189 189 189 189 186 187 190 186 189 186 187 186
 201 200 201 200 201 203 202 196 203 194 195 204 197 201 191 202
 195 195 195 198 196 191 203 193 190 193 197 198 191 197 190 201
 198 195 193 197 194 198 199 191 189 188 195 194 198 199 199 200
 199 195 197 192 195 196 194 190 196 196 185 132 155 199 197 194
 204 196 199 191 197 193 197 177 127  78  43  44 122 194 193 197
 202 202 194 197 185 129  81  43  38  46  43  84 153 196 189 198
 197 197 157  77  48  42  37  53  86 149 183 190 189 190 191 195
 196 194  94  41  58 105 158 193 196 202 193 188 189 189 192 198
 198 190  86  35  56 104 146 191 194 198 199 193 193 193 195 198
 189 192 165 102  57  48  50  46  91 138 186 200 192 196 192 193
 190 192 195 198 193 164 116  51  49  40  56  93 166 192 195 187
 189 194 192 194 191 194 199 200 157 106  66  52 109 195 197 190
 193 191 197 198 198 193 195 195 193 193 193 164 154 196 200 201
 198 194 194 196 193 196 195 195 201 193 191 191 198 196 197 196
 193 189 195 195 191 190 188 193 194 195 194 186 199 191 194 198
 201 196 199 194 192 188 191 201 195 199 196 187 192 192 188 198

